##########################
# Data rrec from the subroutine written by D. A. Verner
# that calculates rates of radiative recombination for ions
# with the following fits:
# ions of C, N, O, Ne - Pequignot et al. 1991, A&A, 251, 680,
#    refitted by Verner & Ferland formula to ensure correct asymptotes
# Fe XVII-XXIII - Arnaud & Raymond, 1992, ApJ, 398, 394
# Fe I-XV - refitted by Verner & Ferland formula to ensure correct asymptotes
# Other ions of Mg, Si, S, Ar, Ca, Fe, Ni - 
#                      - Shull & Van Steenberg, 1982, ApJS, 48, 95
# Other ions of Na, Al - Landini & Monsignori Fossi, 1990, A&AS, 82, 229
# Other ions of F, P, Cl, K, Ti, Cr, Mn, Co (excluding Ti I-II, Cr I-IV,
# Mn I-V, Co I)        - Landini & Monsignori Fossi, 1991, A&AS, 91, 183
# All other species    - interpolations of the power-law fits
# see http://www.pa.uky.edu/~verner/fortran.html
##########################

4 4 4.500e-13 0.6480
5 4 2.680e-12 0.7250
6 4 4.900e-12 0.8030
7 4 9.400e-12 0.7650
8 4 1.590e-11 0.7590
9 4 1.919e-11 0.7849
10 4 2.800e-11 0.7710
11 4 4.030e-11 0.7873
12 4 6.830e-11 0.7650
13 4 8.343e-11 0.8291
14 4 1.430e-10 0.8230
15 4 1.460e-10 0.8391
16 4 2.000e-10 0.8060
17 4 2.091e-10 0.8691
18 4 3.070e-10 0.8190
19 4 3.210e-10 0.8934
20 4 4.610e-10 0.8330
21 4 4.870e-10 0.8060
22 4 5.139e-10 0.7781
23 4 5.850e-10 0.7570
24 4 6.556e-10 0.7359
25 4 7.238e-10 0.7242
27 4 8.404e-10 0.7167
28 4 1.360e-09 0.8420
29 4 1.880e-09 0.8420
30 4 2.400e-09 0.8420
5 5 4.600e-13 0.6360
6 5 2.300e-12 0.6450
7 5 5.000e-12 0.6760
8 5 9.600e-12 0.6700
9 5 1.558e-11 0.6816
10 5 2.300e-11 0.7040
11 5 3.253e-11 0.7075
12 5 4.600e-11 0.7110
13 5 5.951e-11 0.7125
14 5 7.700e-11 0.7140
15 5 1.042e-10 0.7330
16 5 1.400e-10 0.7550
17 5 1.760e-10 0.7682
18 5 2.140e-10 0.7740
19 5 2.629e-10 0.7772
20 5 3.240e-10 0.7800
21 5 3.970e-10 0.7840
22 5 4.700e-10 0.7873
23 5 5.500e-10 0.7910
24 5 6.301e-10 0.7952
25 5 7.058e-10 0.7982
27 5 8.252e-10 0.8004
28 5 8.710e-10 0.8000
29 5 9.170e-10 0.8000
30 5 9.630e-10 0.7990
6 6 4.700e-13 0.6240
7 6 2.200e-12 0.6390
8 6 5.100e-12 0.6600
9 6 9.171e-12 0.6757
10 6 1.500e-11 0.6840
11 6 2.191e-11 0.6875
12 6 3.200e-11 0.6910
13 6 4.308e-11 0.6970
14 6 5.800e-11 0.7030
15 6 7.316e-11 0.7027
16 6 9.200e-11 0.7140
17 6 1.198e-10 0.7508
18 6 1.580e-10 0.7900
19 6 2.048e-10 0.8032
20 6 2.600e-10 0.8000
21 6 3.280e-10 0.7990
22 6 3.966e-10 0.7973
23 6 4.760e-10 0.8000
24 6 5.547e-10 0.8027
25 6 6.313e-10 0.8058
27 6 7.503e-10 0.8085
28 6 7.940e-10 0.8080
29 6 8.380e-10 0.8080
30 6 8.810e-10 0.8070
7 7 4.100e-13 0.6080
8 7 2.000e-12 0.6460
9 7 5.231e-12 0.6615
10 7 9.100e-12 0.6680
11 7 1.447e-11 0.6814
12 7 2.300e-11 0.6950
13 7 3.145e-11 0.6915
14 7 4.300e-11 0.6880
15 7 5.659e-11 0.7023
16 7 7.400e-11 0.7160
17 7 9.561e-11 0.7102
18 7 1.230e-10 0.7020
19 7 1.587e-10 0.7105
20 7 2.040e-10 0.7300
21 7 2.630e-10 0.7490
22 7 3.220e-10 0.7683
23 7 3.950e-10 0.7830
24 7 4.671e-10 0.7967
25 7 5.407e-10 0.8058
27 7 6.611e-10 0.8121
28 7 7.080e-10 0.8110
29 7 7.550e-10 0.8100
30 7 8.020e-10 0.8090
8 8 3.100e-13 0.6780
9 8 1.344e-12 0.6708
10 8 4.400e-12 0.6750
11 8 7.849e-12 0.6952
12 8 1.400e-11 0.7160
13 8 2.049e-11 0.7090
14 8 3.000e-11 0.7020
15 8 4.125e-11 0.6965
16 8 5.500e-11 0.7110
17 8 7.280e-11 0.7518
18 8 9.550e-11 0.7930
19 8 1.235e-10 0.8052
20 8 1.580e-10 0.8000
21 8 2.060e-10 0.7990
22 8 2.537e-10 0.7977
23 8 3.190e-10 0.8020
24 8 3.844e-10 0.8071
25 8 4.564e-10 0.8124
27 8 5.842e-10 0.8168
28 8 6.380e-10 0.8160
29 8 6.920e-10 0.8150
30 8 7.460e-10 0.8140
9 9 6.273e-13 0.6798
10 9 1.500e-12 0.6930
11 9 3.399e-12 0.7054
12 9 7.700e-12 0.7180
13 9 1.275e-11 0.7170
14 9 2.110e-11 0.7160
15 9 2.975e-11 0.6945
16 9 4.000e-11 0.6960
17 9 5.281e-11 0.7491
18 9 6.920e-11 0.8110
19 9 9.044e-11 0.8251
20 9 1.180e-10 0.8100
21 9 1.580e-10 0.8040
22 9 1.983e-10 0.7980
23 9 2.570e-10 0.8040
24 9 3.154e-10 0.8101
25 9 3.837e-10 0.8183
27 9 5.147e-10 0.8253
28 9 5.750e-10 0.8240
29 9 6.350e-10 0.8230
30 9 6.960e-10 0.8210
10 10 2.200e-13 0.7590
11 10 8.775e-13 0.7467
12 10 3.500e-12 0.7340
13 10 6.481e-12 0.7345
14 10 1.200e-11 0.7350
15 10 1.834e-11 0.7285
16 10 2.700e-11 0.7330
17 10 3.711e-11 0.7641
18 10 4.900e-11 0.8010
19 10 6.444e-11 0.8175
20 10 8.510e-11 0.8200
21 10 1.170e-10 0.8220
22 10 1.494e-10 0.8242
23 10 2.010e-10 0.8280
24 10 2.525e-10 0.8311
25 10 3.177e-10 0.8341
27 10 4.552e-10 0.8364
28 10 5.250e-10 0.8360
29 10 5.950e-10 0.8360
30 10 6.650e-10 0.8350
12 12 1.400e-13 0.8550
13 12 7.197e-13 0.7697
14 12 3.700e-12 0.6930
15 12 7.980e-12 0.6829
16 12 1.200e-11 0.7010
17 12 1.800e-11 0.7232
18 12 2.690e-11 0.7440
19 12 3.748e-11 0.7628
20 12 5.040e-11 0.7800
21 12 7.240e-11 0.7950
22 12 9.440e-11 0.8107
23 12 1.350e-10 0.8220
24 12 1.751e-10 0.8340
25 12 2.298e-10 0.8417
27 12 3.461e-10 0.8469
28 12 4.030e-10 0.8460
29 12 4.600e-10 0.8450
30 12 5.170e-10 0.8440
13 13 3.980e-13 0.8019
14 13 1.000e-12 0.7860
15 13 2.558e-12 0.7629
16 13 5.700e-12 0.7550
17 13 1.011e-11 0.7703
18 13 1.580e-11 0.7930
19 13 2.448e-11 0.8052
20 13 3.760e-11 0.8100
21 13 5.870e-11 0.8150
22 13 7.972e-11 0.8206
23 13 1.130e-10 0.8270
24 13 1.470e-10 0.8325
25 13 1.908e-10 0.8372
27 13 2.976e-10 0.8406
28 13 3.630e-10 0.8400
29 13 4.280e-10 0.8390
30 13 4.940e-10 0.8390
14 14 5.900e-13 0.6010
15 14 1.294e-12 0.6766
16 14 2.700e-12 0.7450
17 14 5.165e-12 0.7893
18 14 9.120e-12 0.8110
19 14 1.513e-11 0.8186
20 14 2.400e-11 0.8200
21 14 3.960e-11 0.8220
22 14 5.518e-11 0.8245
23 14 8.370e-11 0.8280
24 14 1.123e-10 0.8313
25 14 1.525e-10 0.8342
26 14 2.000e-10 0.8360
27 14 2.537e-10 0.8364
28 14 3.160e-10 0.8360
29 14 3.780e-10 0.8360
30 14 4.410e-10 0.8350
15 15 9.761e-13 0.6209
16 15 1.800e-12 0.6860
17 15 3.320e-12 0.7579
18 15 6.030e-12 0.8120
19 15 1.063e-11 0.8269
20 15 1.800e-11 0.8200
21 15 3.130e-11 0.8180
22 15 4.451e-11 0.8153
23 15 6.830e-11 0.8200
24 15 9.206e-11 0.8246
25 15 1.250e-10 0.8302
26 15 1.640e-10 0.8340
27 15 2.093e-10 0.8349
28 15 2.630e-10 0.8340
29 15 3.170e-10 0.8330
30 15 3.700e-10 0.8320
16 16 4.100e-13 0.6300
17 16 1.248e-12 0.7663
18 16 3.230e-12 0.8690
19 16 6.384e-12 0.8790
20 16 1.070e-11 0.8400
21 16 1.920e-11 0.8210
22 16 2.765e-11 0.8012
23 16 4.650e-11 0.8060
24 16 6.539e-11 0.8099
25 16 9.539e-11 0.8202
26 16 1.330e-10 0.8280
27 16 1.769e-10 0.8299
28 16 2.290e-10 0.8280
29 16 2.810e-10 0.8260
30 16 3.330e-10 0.8240
17 17 1.010e-12 0.7380
18 17 1.950e-12 0.7520
19 17 3.766e-12 0.7662
20 17 7.080e-12 0.7800
21 17 1.430e-11 0.7920
22 17 2.152e-11 0.8038
23 17 3.740e-11 0.8120
24 17 5.335e-11 0.8207
25 17 7.807e-11 0.8260
26 17 1.090e-10 0.8290
27 17 1.459e-10 0.8296
28 17 1.910e-10 0.8290
29 17 2.360e-10 0.8280
30 17 2.810e-10 0.8280
18 18 3.770e-13 0.6510
19 18 1.304e-12 0.6753
20 18 3.960e-12 0.7000
21 18 1.130e-11 0.7240
22 18 1.857e-11 0.7484
23 18 3.170e-11 0.7680
24 18 4.479e-11 0.7883
25 18 6.106e-11 0.8020
26 18 8.130e-11 0.8100
27 18 1.098e-10 0.8118
28 18 1.500e-10 0.8100
29 18 1.900e-10 0.8080
30 18 2.300e-10 0.8060
19 19 2.762e-13 0.8023
20 19 6.780e-13 0.8000
21 19 2.330e-12 0.7980
22 19 3.983e-12 0.7955
23 19 1.150e-11 0.7940
24 19 1.906e-11 0.7919
25 19 3.620e-11 0.7907
26 19 6.050e-11 0.7900
27 19 8.818e-11 0.7898
28 19 1.190e-10 0.7900
29 19 1.500e-10 0.7900
30 19 1.810e-10 0.7900
20 20 1.120e-13 0.9000
21 20 6.540e-13 0.8670
22 20 1.196e-12 0.8344
23 20 5.330e-12 0.8090
24 20 9.471e-12 0.7846
25 20 2.169e-11 0.7683
26 20 4.120e-11 0.7590
27 20 6.409e-11 0.7570
28 20 8.910e-11 0.7590
29 20 1.140e-10 0.7610
30 20 1.390e-10 0.7630
21 21 1.170e-13 0.8980
22 21 5.330e-12 0.8640
23 21 1.060e-11 0.8300
24 21 1.580e-11 0.7960
25 21 2.100e-11 0.7620
26 21 2.620e-11 0.7280
27 21 2.822e-11 0.7280
28 21 3.040e-11 0.7280
29 21 3.260e-11 0.7280
30 21 3.480e-11 0.7280
22 22 1.220e-13 0.8970
23 22 3.870e-12 0.8480
24 22 7.610e-12 0.7980
25 22 1.140e-11 0.7480
26 22 1.510e-11 0.6990
27 22 1.626e-11 0.6990
28 22 1.750e-11 0.6990
29 22 1.870e-11 0.6990
30 22 2.000e-11 0.6990
23 23 1.270e-13 0.8950
24 23 2.680e-12 0.8240
25 23 5.240e-12 0.7530
26 23 7.800e-12 0.6820
27 23 8.402e-12 0.6820
28 23 9.050e-12 0.6820
29 23 9.700e-12 0.6820
30 23 1.030e-11 0.6820
24 24 1.320e-13 0.8940
25 24 1.730e-12 0.8200
26 24 3.320e-12 0.7460
27 24 3.575e-12 0.7460
28 24 3.580e-12 0.7460
29 24 3.580e-12 0.7460
30 24 3.590e-12 0.7460
25 25 1.370e-13 0.8920
26 25 1.020e-12 0.8430
27 25 1.278e-12 0.7682
28 25 1.600e-12 0.7000
29 25 1.920e-12 0.7000
30 25 2.240e-12 0.7000
26 26 1.420e-13 0.8910
27 26 4.459e-13 0.7897
28 26 1.400e-12 0.7000
29 26 1.500e-12 0.7000
30 26 1.600e-12 0.7000
27 27 2.510e-13 0.7950
28 27 1.000e-12 0.7000
29 27 1.000e-12 0.7000
30 27 1.100e-12 0.7000
28 28 3.600e-13 0.7000
29 28 3.600e-13 0.7000
30 28 3.600e-13 0.7000
29 29 3.600e-13 0.7000
30 29 3.600e-13 0.7000
30 30 3.600e-13 0.7000 
