# Cross sections for CH2+
# Converted from earlier Leiden database cross sections by Alan Heays 2016-02-24
# Photodissociation source: CH2+ p.d. cf. Theodorakopoulos & Petsalakis '91; maximum rate
# Lines represented with gaussian of width 1.0 nm FWHM
# wavelength: (nm)
# photoabsorption:    cross section (cm2)
# photodissociation:  cross section (cm2)
# 
# wavelength   photoabsorption photodissociation
  88.6000000       5.00000e-20       5.00000e-20
  88.7000000       5.00000e-20       5.00000e-20
  88.8000000       5.00000e-20       5.00000e-20
  88.9000000       5.00000e-20       5.00000e-20
  89.0000000       5.00000e-20       5.00000e-20
  89.1000000       5.00000e-20       5.00000e-20
  89.2000000       5.00000e-20       5.00000e-20
  89.3000000       5.00000e-20       5.00000e-20
  89.4000000       5.00000e-20       5.00000e-20
  89.5000000       5.00000e-20       5.00000e-20
  89.6000000       5.00000e-20       5.00000e-20
  89.7000000       5.00000e-20       5.00000e-20
  89.8000000       5.00000e-20       5.00000e-20
  89.9000000       5.00000e-20       5.00000e-20
  90.0000000       5.00000e-20       5.00000e-20
  90.1000000       5.14396e-20       5.14396e-20
  90.2000000       6.86460e-20       6.86460e-20
  90.3000000       1.37767e-19       1.37767e-19
  90.4000000       2.72983e-19       2.72983e-19
  90.5000000       5.12233e-19       5.12233e-19
  90.6000000       9.10313e-19       9.10313e-19
  90.7000000       1.53245e-18       1.53245e-18
  90.8000000       2.44448e-18       2.44448e-18
  90.9000000       3.69669e-18       3.69669e-18
  91.0000000       5.30419e-18       5.30419e-18
  91.1000000       7.23063e-18       7.23063e-18
  91.2000000       9.38408e-18       9.38408e-18
  91.3000000       1.16326e-17       1.16326e-17
  91.4000000       1.38410e-17       1.38410e-17
  91.5000000       1.59191e-17       1.59191e-17
  91.6000000       1.78647e-17       1.78647e-17
  91.7000000       1.97771e-17       1.97771e-17
  91.8000000       2.18280e-17       2.18280e-17
  91.9000000       2.41877e-17       2.41877e-17
  92.0000000       2.69304e-17       2.69304e-17
  92.1000000       2.99531e-17       2.99531e-17
  92.2000000       3.29475e-17       3.29475e-17
  92.3000000       3.54450e-17       3.54450e-17
  92.4000000       3.69298e-17       3.69298e-17
  92.5000000       3.69831e-17       3.69831e-17
  92.6000000       3.54097e-17       3.54097e-17
  92.7000000       3.23004e-17       3.23004e-17
  92.8000000       2.80119e-17       2.80119e-17
  92.9000000       2.30746e-17       2.30746e-17
  93.0000000       1.80663e-17       1.80663e-17
  93.1000000       1.34962e-17       1.34962e-17
  93.2000000       9.73225e-18       9.73225e-18
  93.3000000       6.98320e-18       6.98320e-18
  93.4000000       5.32499e-18       5.32499e-18
  93.5000000       4.74606e-18       4.74606e-18
  93.6000000       5.18649e-18       5.18649e-18
  93.7000000       6.55409e-18       6.55409e-18
  93.8000000       8.71484e-18       8.71484e-18
  93.9000000       1.14690e-17       1.14690e-17
  94.0000000       1.45318e-17       1.45318e-17
  94.1000000       1.75389e-17       1.75389e-17
  94.2000000       2.00851e-17       2.00851e-17
  94.3000000       2.17933e-17       2.17933e-17
  94.4000000       2.23942e-17       2.23942e-17
  94.5000000       2.17889e-17       2.17889e-17
  94.6000000       2.00722e-17       2.00722e-17
  94.7000000       1.75069e-17       1.75069e-17
  94.8000000       1.44572e-17       1.44572e-17
  94.9000000       1.13046e-17       1.13046e-17
  95.0000000       8.37260e-18       8.37260e-18
  95.1000000       5.88023e-18       5.88023e-18
  95.2000000       3.93273e-18       3.93273e-18
  95.3000000       2.54314e-18       2.54314e-18
  95.4000000       1.67296e-18       1.67296e-18
  95.5000000       1.27757e-18       1.27757e-18
  95.6000000       1.34570e-18       1.34570e-18
  95.7000000       1.92566e-18       1.92566e-18
  95.8000000       3.13358e-18       3.13358e-18
  95.9000000       5.13902e-18       5.13902e-18
  96.0000000       8.12497e-18       8.12497e-18
  96.1000000       1.22228e-17       1.22228e-17
  96.2000000       1.74323e-17       1.74323e-17
  96.3000000       2.35474e-17       2.35474e-17
  96.4000000       3.01178e-17       3.01178e-17
  96.5000000       3.64722e-17       3.64722e-17
  96.6000000       4.18166e-17       4.18166e-17
  96.7000000       4.53922e-17       4.53922e-17
  96.8000000       4.66508e-17       4.66508e-17
  96.9000000       4.53922e-17       4.53922e-17
  97.0000000       4.18165e-17       4.18165e-17
  97.1000000       3.64720e-17       3.64720e-17
  97.2000000       3.01174e-17       3.01174e-17
  97.3000000       2.35463e-17       2.35463e-17
  97.4000000       1.74291e-17       1.74291e-17
  97.5000000       1.22145e-17       1.22145e-17
  97.6000000       8.10455e-18       8.10455e-18
  97.7000000       5.09137e-18       5.09137e-18
  97.8000000       3.02827e-18       3.02827e-18
  97.9000000       1.70534e-18       1.70534e-18
  98.0000000       9.09257e-19       9.09257e-19
  98.1000000       4.59012e-19       4.59012e-19
  98.2000000       2.19394e-19       2.19394e-19
  98.3000000       1.00682e-19       1.00682e-19
  98.4000000       5.52177e-20       5.52177e-20
  98.5000000       5.00000e-20       5.00000e-20
  98.6000000       5.00000e-20       5.00000e-20
  98.7000000       5.00000e-20       5.00000e-20
  98.8000000       5.00000e-20       5.00000e-20
  98.9000000       5.00000e-20       5.00000e-20
  99.0000000       5.00000e-20       5.00000e-20
  99.1000000       5.00000e-20       5.00000e-20
  99.2000000       5.00000e-20       5.00000e-20
  99.3000000       5.00000e-20       5.00000e-20
  99.4000000       5.00000e-20       5.00000e-20
  99.5000000       5.00000e-20       5.00000e-20
  99.6000000       5.00000e-20       5.00000e-20
  99.7000000       5.00000e-20       5.00000e-20
  99.8000000       5.00000e-20       5.00000e-20
  99.9000000       5.00000e-20       5.00000e-20
 100.0000000       5.00000e-20       5.00000e-20
 100.1000000       5.00000e-20       5.00000e-20
 100.2000000       5.00000e-20       5.00000e-20
 100.3000000       5.00000e-20       5.00000e-20
 100.4000000       5.00000e-20       5.00000e-20
 100.5000000       5.00000e-20       5.00000e-20
 100.6000000       5.00000e-20       5.00000e-20
 100.7000000       5.00000e-20       5.00000e-20
 100.8000000       5.00000e-20       5.00000e-20
 100.9000000       5.00000e-20       5.00000e-20
 101.0000000       5.00000e-20       5.00000e-20
 101.1000000       5.00000e-20       5.00000e-20
 101.2000000       5.00000e-20       5.00000e-20
 101.3000000       5.00000e-20       5.00000e-20
 101.4000000       5.00000e-20       5.00000e-20
 101.5000000       5.00000e-20       5.00000e-20
 101.6000000       5.00000e-20       5.00000e-20
 101.7000000       5.00000e-20       5.00000e-20
 101.8000000       5.00000e-20       5.00000e-20
 101.9000000       5.00000e-20       5.00000e-20
 102.0000000       5.00000e-20       5.00000e-20
 102.1000000       5.00000e-20       5.00000e-20
 102.2000000       5.00000e-20       5.00000e-20
 102.3000000       5.00000e-20       5.00000e-20
 102.4000000       5.00000e-20       5.00000e-20
 102.5000000       5.00000e-20       5.00000e-20
 102.6000000       5.00000e-20       5.00000e-20
 102.7000000       5.00000e-20       5.00000e-20
 102.8000000       5.00000e-20       5.00000e-20
 102.9000000       5.00000e-20       5.00000e-20
 103.0000000       5.00000e-20       5.00000e-20
 103.1000000       5.00000e-20       5.00000e-20
 103.2000000       5.00000e-20       5.00000e-20
 103.3000000       5.00000e-20       5.00000e-20
 103.4000000       5.00000e-20       5.00000e-20
 103.5000000       5.00000e-20       5.00000e-20
 103.6000000       5.00000e-20       5.00000e-20
 103.7000000       5.00000e-20       5.00000e-20
 103.8000000       5.00000e-20       5.00000e-20
 103.9000000       5.00000e-20       5.00000e-20
 104.0000000       5.00000e-20       5.00000e-20
 104.1000000       5.00000e-20       5.00000e-20
 104.2000000       5.00000e-20       5.00000e-20
 104.3000000       5.00000e-20       5.00000e-20
 104.4000000       5.00000e-20       5.00000e-20
 104.5000000       5.00000e-20       5.00000e-20
 104.6000000       5.00000e-20       5.00000e-20
 104.7000000       5.00000e-20       5.00000e-20
 104.8000000       5.00000e-20       5.00000e-20
 104.9000000       5.00000e-20       5.00000e-20
 105.0000000       5.00000e-20       5.00000e-20
 105.1000000       5.00000e-20       5.00000e-20
 105.2000000       5.00000e-20       5.00000e-20
 105.3000000       5.00000e-20       5.00000e-20
 105.4000000       5.00000e-20       5.00000e-20
 105.5000000       5.00000e-20       5.00000e-20
 105.6000000       5.00000e-20       5.00000e-20
 105.7000000       5.00000e-20       5.00000e-20
 105.8000000       5.00000e-20       5.00000e-20
 105.9000000       5.00000e-20       5.00000e-20
 106.0000000       5.00000e-20       5.00000e-20
 106.1000000       5.00000e-20       5.00000e-20
 106.2000000       5.00000e-20       5.00000e-20
 106.3000000       5.00000e-20       5.00000e-20
 106.4000000       5.00000e-20       5.00000e-20
 106.5000000       5.00000e-20       5.00000e-20
 106.6000000       5.00000e-20       5.00000e-20
 106.7000000       5.00000e-20       5.00000e-20
 106.8000000       5.00000e-20       5.00000e-20
 106.9000000       5.00000e-20       5.00000e-20
 107.0000000       5.00000e-20       5.00000e-20
 107.1000000       5.00000e-20       5.00000e-20
 107.2000000       5.00000e-20       5.00000e-20
 107.3000000       5.00000e-20       5.00000e-20
 107.4000000       5.00000e-20       5.00000e-20
 107.5000000       5.00000e-20       5.00000e-20
 107.6000000       5.00000e-20       5.00000e-20
 107.7000000       5.00000e-20       5.00000e-20
 107.8000000       5.00000e-20       5.00000e-20
 107.9000000       5.00000e-20       5.00000e-20
 108.0000000       5.00000e-20       5.00000e-20
 108.1000000       5.00000e-20       5.00000e-20
 108.2000000       5.00000e-20       5.00000e-20
 108.3000000       5.00000e-20       5.00000e-20
 108.4000000       5.00000e-20       5.00000e-20
 108.5000000       5.00000e-20       5.00000e-20
 108.6000000       5.00000e-20       5.00000e-20
 108.7000000       5.00000e-20       5.00000e-20
 108.8000000       5.00000e-20       5.00000e-20
 108.9000000       5.00000e-20       5.00000e-20
 109.0000000       5.00000e-20       5.00000e-20
 109.1000000       5.00000e-20       5.00000e-20
 109.2000000       5.00000e-20       5.00000e-20
 109.3000000       5.00000e-20       5.00000e-20
 109.4000000       5.00000e-20       5.00000e-20
 109.5000000       5.00000e-20       5.00000e-20
 109.6000000       5.00000e-20       5.00000e-20
 109.7000000       5.00000e-20       5.00000e-20
 109.8000000       5.00000e-20       5.00000e-20
 109.9000000       5.00000e-20       5.00000e-20
 110.0000000       5.00000e-20       5.00000e-20
 110.1000000       5.00000e-20       5.00000e-20
 110.2000000       5.00000e-20       5.00000e-20
 110.3000000       5.00000e-20       5.00000e-20
 110.4000000       5.00000e-20       5.00000e-20
 110.5000000       5.00000e-20       5.00000e-20
 110.6000000       5.00000e-20       5.00000e-20
 110.7000000       5.00000e-20       5.00000e-20
 110.8000000       5.00000e-20       5.00000e-20
 110.9000000       5.00000e-20       5.00000e-20
 111.0000000       5.00000e-20       5.00000e-20
 111.1000000       5.00000e-20       5.00000e-20
 111.2000000       5.00000e-20       5.00000e-20
 111.3000000       5.00000e-20       5.00000e-20
 111.4000000       5.00000e-20       5.00000e-20
 111.5000000       5.00000e-20       5.00000e-20
 111.6000000       5.00000e-20       5.00000e-20
 111.7000000       5.00000e-20       5.00000e-20
 111.8000000       5.00000e-20       5.00000e-20
 111.9000000       5.00000e-20       5.00000e-20
 112.0000000       5.00000e-20       5.00000e-20
 112.1000000       5.00000e-20       5.00000e-20
 112.2000000       5.00000e-20       5.00000e-20
 112.3000000       5.00000e-20       5.00000e-20
 112.4000000       5.00000e-20       5.00000e-20
 112.5000000       5.00000e-20       5.00000e-20
 112.6000000       5.00000e-20       5.00000e-20
 112.7000000       5.00000e-20       5.00000e-20
 112.8000000       5.00000e-20       5.00000e-20
 112.9000000       5.00000e-20       5.00000e-20
 113.0000000       5.00000e-20       5.00000e-20
 113.1000000       5.00000e-20       5.00000e-20
 113.2000000       5.00000e-20       5.00000e-20
 113.3000000       5.00000e-20       5.00000e-20
 113.4000000       5.00000e-20       5.00000e-20
 113.5000000       5.00000e-20       5.00000e-20
 113.6000000       5.00000e-20       5.00000e-20
 113.7000000       5.00000e-20       5.00000e-20
 113.8000000       5.00000e-20       5.00000e-20
 113.9000000       5.00000e-20       5.00000e-20
 114.0000000       5.00000e-20       5.00000e-20
 114.1000000       5.00000e-20       5.00000e-20
 114.2000000       5.00000e-20       5.00000e-20
 114.3000000       5.00000e-20       5.00000e-20
 114.4000000       5.00000e-20       5.00000e-20
 114.5000000       5.00000e-20       5.00000e-20
 114.6000000       5.00000e-20       5.00000e-20
 114.7000000       5.00000e-20       5.00000e-20
 114.8000000       5.00000e-20       5.00000e-20
 114.9000000       5.00000e-20       5.00000e-20
 115.0000000       5.00000e-20       5.00000e-20
 115.1000000       5.00000e-20       5.00000e-20
 115.2000000       5.00000e-20       5.00000e-20
 115.3000000       5.00000e-20       5.00000e-20
 115.4000000       5.00000e-20       5.00000e-20
 115.5000000       5.00000e-20       5.00000e-20
 115.6000000       5.00000e-20       5.00000e-20
 115.7000000       5.00000e-20       5.00000e-20
 115.8000000       5.00000e-20       5.00000e-20
 115.9000000       5.00000e-20       5.00000e-20
 116.0000000       5.00000e-20       5.00000e-20
 116.1000000       5.00000e-20       5.00000e-20
 116.2000000       5.00000e-20       5.00000e-20
 116.3000000       5.00000e-20       5.00000e-20
 116.4000000       5.00000e-20       5.00000e-20
 116.5000000       5.00000e-20       5.00000e-20
 116.6000000       5.00000e-20       5.00000e-20
 116.7000000       5.00000e-20       5.00000e-20
 116.8000000       5.00000e-20       5.00000e-20
 116.9000000       5.00000e-20       5.00000e-20
 117.0000000       5.00000e-20       5.00000e-20
 117.1000000       5.00000e-20       5.00000e-20
 117.2000000       5.00000e-20       5.00000e-20
 117.3000000       5.04126e-20       5.04126e-20
 117.4000000       6.03109e-20       6.03109e-20
 117.5000000       1.19343e-19       1.19343e-19
 117.6000000       2.36407e-19       2.36407e-19
 117.7000000       4.43388e-19       4.43388e-19
 117.8000000       7.87349e-19       7.87349e-19
 117.9000000       1.32376e-18       1.32376e-18
 118.0000000       2.10718e-18       2.10718e-18
 118.1000000       3.17578e-18       3.17578e-18
 118.2000000       4.53157e-18       4.53157e-18
 118.3000000       6.12204e-18       6.12204e-18
 118.4000000       7.83053e-18       7.83053e-18
 118.5000000       9.48273e-18       9.48273e-18
 118.6000000       1.08723e-17       1.08723e-17
 118.7000000       1.18020e-17       1.18020e-17
 118.8000000       1.21292e-17       1.21292e-17
 118.9000000       1.18020e-17       1.18020e-17
 119.0000000       1.08723e-17       1.08723e-17
 119.1000000       9.48273e-18       9.48273e-18
 119.2000000       7.83053e-18       7.83053e-18
 119.3000000       6.12204e-18       6.12204e-18
 119.4000000       4.53157e-18       4.53157e-18
 119.5000000       3.17578e-18       3.17578e-18
 119.6000000       2.10718e-18       2.10718e-18
 119.7000000       1.32376e-18       1.32376e-18
 119.8000000       7.87349e-19       7.87349e-19
 119.9000000       4.43388e-19       4.43388e-19
 120.0000000       2.36407e-19       2.36407e-19
 120.1000000       1.19343e-19       1.19343e-19
 120.2000000       6.03109e-20       6.03109e-20
 120.3000000       5.04126e-20       5.04126e-20
 120.4000000       5.00000e-20       5.00000e-20
 120.5000000       5.00000e-20       5.00000e-20
 120.6000000       5.00000e-20       5.00000e-20
 120.7000000       5.00000e-20       5.00000e-20
 120.8000000       5.00000e-20       5.00000e-20
 120.9000000       5.00000e-20       5.00000e-20
 121.0000000       5.00000e-20       5.00000e-20
 121.1000000       5.00000e-20       5.00000e-20
 121.2000000       5.00000e-20       5.00000e-20
 121.3000000       5.00000e-20       5.00000e-20
 121.4000000       5.00000e-20       5.00000e-20
 121.5000000       5.00000e-20       5.00000e-20
 121.6000000       5.00000e-20       5.00000e-20
 121.7000000       5.00000e-20       5.00000e-20
 121.8000000       5.00000e-20       5.00000e-20
 121.9000000       5.00000e-20       5.00000e-20
 122.0000000       5.00000e-20       5.00000e-20
 122.1000000       5.00000e-20       5.00000e-20
 122.2000000       5.00000e-20       5.00000e-20
 122.3000000       5.00000e-20       5.00000e-20
 122.4000000       5.00000e-20       5.00000e-20
 122.5000000       5.00000e-20       5.00000e-20
 122.6000000       5.00000e-20       5.00000e-20
 122.7000000       5.00000e-20       5.00000e-20
 122.8000000       5.00000e-20       5.00000e-20
 122.9000000       5.00000e-20       5.00000e-20
 123.0000000       5.00000e-20       5.00000e-20
 123.1000000       5.00000e-20       5.00000e-20
 123.2000000       5.00000e-20       5.00000e-20
 123.3000000       5.00000e-20       5.00000e-20
 123.4000000       5.00000e-20       5.00000e-20
 123.5000000       5.00000e-20       5.00000e-20
 123.6000000       5.00000e-20       5.00000e-20
 123.7000000       5.00000e-20       5.00000e-20
 123.8000000       5.00000e-20       5.00000e-20
 123.9000000       5.00000e-20       5.00000e-20
 124.0000000       5.00000e-20       5.00000e-20
 124.1000000       5.00000e-20       5.00000e-20
 124.2000000       5.00000e-20       5.00000e-20
 124.3000000       5.00000e-20       5.00000e-20
 124.4000000       5.00000e-20       5.00000e-20
 124.5000000       5.00000e-20       5.00000e-20
 124.6000000       5.00000e-20       5.00000e-20
 124.7000000       5.00000e-20       5.00000e-20
 124.8000000       5.00000e-20       5.00000e-20
 124.9000000       5.00000e-20       5.00000e-20
 125.0000000       5.00000e-20       5.00000e-20
 125.1000000       5.00000e-20       5.00000e-20
 125.2000000       5.00000e-20       5.00000e-20
 125.3000000       5.00000e-20       5.00000e-20
 125.4000000       5.00000e-20       5.00000e-20
 125.5000000       5.00000e-20       5.00000e-20
 125.6000000       5.00000e-20       5.00000e-20
 125.7000000       5.00000e-20       5.00000e-20
 125.8000000       5.00000e-20       5.00000e-20
 125.9000000       5.00000e-20       5.00000e-20
 126.0000000       5.00000e-20       5.00000e-20
 126.1000000       5.00000e-20       5.00000e-20
 126.2000000       5.00000e-20       5.00000e-20
 126.3000000       5.00000e-20       5.00000e-20
 126.4000000       5.00000e-20       5.00000e-20
 126.5000000       5.00000e-20       5.00000e-20
 126.6000000       5.00000e-20       5.00000e-20
 126.7000000       5.00000e-20       5.00000e-20
 126.8000000       5.00000e-20       5.00000e-20
 126.9000000       5.00000e-20       5.00000e-20
 127.0000000       5.00000e-20       5.00000e-20
 127.1000000       5.00000e-20       5.00000e-20
 127.2000000       5.00000e-20       5.00000e-20
 127.3000000       5.00000e-20       5.00000e-20
 127.4000000       5.00000e-20       5.00000e-20
 127.5000000       5.00000e-20       5.00000e-20
 127.6000000       5.00000e-20       5.00000e-20
 127.7000000       5.00000e-20       5.00000e-20
 127.8000000       5.00000e-20       5.00000e-20
 127.9000000       5.00000e-20       5.00000e-20
 128.0000000       5.00000e-20       5.00000e-20
 128.1000000       5.00000e-20       5.00000e-20
 128.2000000       5.00000e-20       5.00000e-20
 128.3000000       5.00000e-20       5.00000e-20
 128.4000000       5.00000e-20       5.00000e-20
 128.5000000       5.00000e-20       5.00000e-20
 128.6000000       5.00000e-20       5.00000e-20
 128.7000000       5.00000e-20       5.00000e-20
 128.8000000       5.00000e-20       5.00000e-20
 128.9000000       5.00000e-20       5.00000e-20
 129.0000000       5.00000e-20       5.00000e-20
 129.1000000       5.00000e-20       5.00000e-20
 129.2000000       5.00000e-20       5.00000e-20
 129.3000000       5.00000e-20       5.00000e-20
 129.4000000       5.00000e-20       5.00000e-20
 129.5000000       5.00000e-20       5.00000e-20
 129.6000000       5.00000e-20       5.00000e-20
 129.7000000       5.00000e-20       5.00000e-20
 129.8000000       5.00000e-20       5.00000e-20
 129.9000000       5.00000e-20       5.00000e-20
 130.0000000       5.00000e-20       5.00000e-20
 130.1000000       5.00000e-20       5.00000e-20
 130.2000000       5.00000e-20       5.00000e-20
 130.3000000       5.00000e-20       5.00000e-20
 130.4000000       5.00000e-20       5.00000e-20
 130.5000000       5.00000e-20       5.00000e-20
 130.6000000       5.00000e-20       5.00000e-20
 130.7000000       5.00000e-20       5.00000e-20
 130.8000000       5.00000e-20       5.00000e-20
 130.9000000       5.00000e-20       5.00000e-20
 131.0000000       5.00000e-20       5.00000e-20
 131.1000000       5.00000e-20       5.00000e-20
 131.2000000       5.00000e-20       5.00000e-20
 131.3000000       5.00000e-20       5.00000e-20
 131.4000000       5.00000e-20       5.00000e-20
 131.5000000       5.00000e-20       5.00000e-20
 131.6000000       5.00000e-20       5.00000e-20
 131.7000000       5.00000e-20       5.00000e-20
 131.8000000       5.00000e-20       5.00000e-20
 131.9000000       5.00000e-20       5.00000e-20
 132.0000000       5.00000e-20       5.00000e-20
 132.1000000       5.00000e-20       5.00000e-20
 132.2000000       5.00000e-20       5.00000e-20
 132.3000000       5.00000e-20       5.00000e-20
 132.4000000       5.00000e-20       5.00000e-20
 132.5000000       5.00000e-20       5.00000e-20
 132.6000000       5.00000e-20       5.00000e-20
 132.7000000       5.00000e-20       5.00000e-20
 132.8000000       5.00000e-20       5.00000e-20
 132.9000000       5.00000e-20       5.00000e-20
 133.0000000       5.00000e-20       5.00000e-20
 133.1000000       5.00000e-20       5.00000e-20
 133.2000000       5.00000e-20       5.00000e-20
 133.3000000       5.00000e-20       5.00000e-20
 133.4000000       5.02086e-20       5.02086e-20
 133.5000000       5.32910e-20       5.32910e-20
 133.6000000       6.62584e-20       6.62584e-20
 133.7000000       8.02385e-20       8.02385e-20
 133.8000000       9.19964e-20       9.19964e-20
 133.9000000       9.98628e-20       9.98628e-20
 134.0000000       1.02632e-19       1.02632e-19
 134.1000000       9.98628e-20       9.98628e-20
 134.2000000       9.19964e-20       9.19964e-20
 134.3000000       8.02385e-20       8.02385e-20
 134.4000000       6.62584e-20       6.62584e-20
 134.5000000       5.32910e-20       5.32910e-20
 134.6000000       5.02086e-20       5.02086e-20
 134.7000000       5.00000e-20       5.00000e-20
 134.8000000       5.00000e-20       5.00000e-20
 134.9000000       5.00000e-20       5.00000e-20
 135.0000000       5.00000e-20       5.00000e-20
 135.1000000       5.00000e-20       5.00000e-20
 135.2000000       5.00000e-20       5.00000e-20
 135.3000000       5.00000e-20       5.00000e-20
 135.4000000       5.00000e-20       5.00000e-20
 135.5000000       5.00000e-20       5.00000e-20
 135.6000000       5.00000e-20       5.00000e-20
 135.7000000       5.00000e-20       5.00000e-20
 135.8000000       5.00000e-20       5.00000e-20
 135.9000000       5.00000e-20       5.00000e-20
 136.0000000       5.00000e-20       5.00000e-20
 136.1000000       5.00000e-20       5.00000e-20
 136.2000000       5.00000e-20       5.00000e-20
 136.3000000       5.00000e-20       5.00000e-20
 136.4000000       5.00000e-20       5.00000e-20
 136.5000000       5.00000e-20       5.00000e-20
 136.6000000       5.00000e-20       5.00000e-20
 136.7000000       5.00000e-20       5.00000e-20
 136.8000000       5.00000e-20       5.00000e-20
 136.9000000       5.00000e-20       5.00000e-20
 137.0000000       5.00000e-20       5.00000e-20
 137.1000000       5.00000e-20       5.00000e-20
 137.2000000       5.00000e-20       5.00000e-20
 137.3000000       5.00000e-20       5.00000e-20
 137.4000000       5.00000e-20       5.00000e-20
 137.5000000       5.00000e-20       5.00000e-20
 137.6000000       5.00000e-20       5.00000e-20
 137.7000000       5.00000e-20       5.00000e-20
 137.8000000       5.00000e-20       5.00000e-20
 137.9000000       5.00000e-20       5.00000e-20
 138.0000000       5.00000e-20       5.00000e-20
 138.1000000       5.00000e-20       5.00000e-20
 138.2000000       5.00000e-20       5.00000e-20
 138.3000000       5.00000e-20       5.00000e-20
 138.4000000       5.00000e-20       5.00000e-20
 138.5000000       5.00000e-20       5.00000e-20
 138.6000000       5.00000e-20       5.00000e-20
 138.7000000       5.00000e-20       5.00000e-20
 138.8000000       5.00000e-20       5.00000e-20
 138.9000000       5.00000e-20       5.00000e-20
 139.0000000       5.00000e-20       5.00000e-20
 139.1000000       5.00000e-20       5.00000e-20
 139.2000000       5.00000e-20       5.00000e-20
 139.3000000       5.00000e-20       5.00000e-20
 139.4000000       5.00000e-20       5.00000e-20
 139.5000000       5.00000e-20       5.00000e-20
 139.6000000       5.00000e-20       5.00000e-20
 139.7000000       5.00000e-20       5.00000e-20
 139.8000000       5.00000e-20       5.00000e-20
 139.9000000       5.00000e-20       5.00000e-20
 140.0000000       5.00000e-20       5.00000e-20
 140.1000000       5.00000e-20       5.00000e-20
 140.2000000       5.00000e-20       5.00000e-20
 140.3000000       5.00000e-20       5.00000e-20
 140.4000000       5.00000e-20       5.00000e-20
 140.5000000       5.00000e-20       5.00000e-20
 140.6000000       5.00000e-20       5.00000e-20
 140.7000000       5.00000e-20       5.00000e-20
 140.8000000       5.00000e-20       5.00000e-20
 140.9000000       5.00000e-20       5.00000e-20
 141.0000000       5.00000e-20       5.00000e-20
 141.1000000       5.00000e-20       5.00000e-20
 141.2000000       5.00000e-20       5.00000e-20
 141.3000000       5.00000e-20       5.00000e-20
 141.4000000       5.00000e-20       5.00000e-20
 141.5000000       5.00000e-20       5.00000e-20
 141.6000000       5.00000e-20       5.00000e-20
 141.7000000       5.00000e-20       5.00000e-20
 141.8000000       5.00000e-20       5.00000e-20
 141.9000000       5.00000e-20       5.00000e-20
 142.0000000       5.00000e-20       5.00000e-20
 142.1000000       5.00000e-20       5.00000e-20
 142.2000000       5.00000e-20       5.00000e-20
 142.3000000       5.00000e-20       5.00000e-20
 142.4000000       5.00000e-20       5.00000e-20
 142.5000000       5.00000e-20       5.00000e-20
 142.6000000       5.00000e-20       5.00000e-20
 142.7000000       5.00000e-20       5.00000e-20
 142.8000000       5.00000e-20       5.00000e-20
 142.9000000       5.00000e-20       5.00000e-20
 143.0000000       5.00000e-20       5.00000e-20
 143.1000000       5.00000e-20       5.00000e-20
 143.2000000       5.00000e-20       5.00000e-20
 143.3000000       5.00000e-20       5.00000e-20
 143.4000000       5.00000e-20       5.00000e-20
 143.5000000       5.00000e-20       5.00000e-20
 143.6000000       5.00000e-20       5.00000e-20
 143.7000000       5.00000e-20       5.00000e-20
 143.8000000       5.00000e-20       5.00000e-20
 143.9000000       5.00000e-20       5.00000e-20
 144.0000000       5.00000e-20       5.00000e-20
 144.1000000       5.00000e-20       5.00000e-20
 144.2000000       5.00000e-20       5.00000e-20
 144.3000000       5.00000e-20       5.00000e-20
 144.4000000       5.00000e-20       5.00000e-20
 144.5000000       5.00000e-20       5.00000e-20
 144.6000000       5.00000e-20       5.00000e-20
 144.7000000       5.00000e-20       5.00000e-20
 144.8000000       5.00000e-20       5.00000e-20
 144.9000000       5.00000e-20       5.00000e-20
 145.0000000       5.00000e-20       5.00000e-20
 145.1000000       5.00000e-20       5.00000e-20
 145.2000000       5.00000e-20       5.00000e-20
 145.3000000       5.00000e-20       5.00000e-20
 145.4000000       5.00000e-20       5.00000e-20
 145.5000000       5.00000e-20       5.00000e-20
 145.6000000       5.00000e-20       5.00000e-20
 145.7000000       5.00000e-20       5.00000e-20
 145.8000000       5.00000e-20       5.00000e-20
 145.9000000       5.00000e-20       5.00000e-20
 146.0000000       5.00000e-20       5.00000e-20
 146.1000000       5.00000e-20       5.00000e-20
 146.2000000       5.00000e-20       5.00000e-20
 146.3000000       5.00000e-20       5.00000e-20
 146.4000000       5.00000e-20       5.00000e-20
 146.5000000       5.00000e-20       5.00000e-20
 146.6000000       5.00000e-20       5.00000e-20
 146.7000000       5.00000e-20       5.00000e-20
 146.8000000       5.00000e-20       5.00000e-20
 146.9000000       5.00000e-20       5.00000e-20
 147.0000000       5.00000e-20       5.00000e-20
 147.1000000       5.00000e-20       5.00000e-20
 147.2000000       5.00000e-20       5.00000e-20
 147.3000000       5.00000e-20       5.00000e-20
 147.4000000       5.00000e-20       5.00000e-20
 147.5000000       5.00000e-20       5.00000e-20
 147.6000000       5.00000e-20       5.00000e-20
 147.7000000       5.00000e-20       5.00000e-20
 147.8000000       5.00000e-20       5.00000e-20
 147.9000000       5.00000e-20       5.00000e-20
 148.0000000       5.00000e-20       5.00000e-20
 148.1000000       5.00000e-20       5.00000e-20
 148.2000000       5.00000e-20       5.00000e-20
 148.3000000       5.00000e-20       5.00000e-20
 148.4000000       5.00000e-20       5.00000e-20
 148.5000000       5.00000e-20       5.00000e-20
 148.6000000       5.00000e-20       5.00000e-20
 148.7000000       5.00000e-20       5.00000e-20
 148.8000000       5.00000e-20       5.00000e-20
 148.9000000       5.00000e-20       5.00000e-20
 149.0000000       5.00000e-20       5.00000e-20
 149.1000000       5.00000e-20       5.00000e-20
 149.2000000       5.00000e-20       5.00000e-20
 149.3000000       5.00000e-20       5.00000e-20
 149.4000000       5.00000e-20       5.00000e-20
 149.5000000       5.00000e-20       5.00000e-20
 149.6000000       5.00000e-20       5.00000e-20
 149.7000000       5.00000e-20       5.00000e-20
 149.8000000       5.00000e-20       5.00000e-20
 149.9000000       5.00000e-20       5.00000e-20
 150.0000000       5.00000e-20       5.00000e-20
 150.1000000       5.00000e-20       5.00000e-20
 150.2000000       5.00000e-20       5.00000e-20
 150.3000000       5.00000e-20       5.00000e-20
 150.4000000       5.00000e-20       5.00000e-20
 150.5000000       5.00000e-20       5.00000e-20
 150.6000000       5.00000e-20       5.00000e-20
 150.7000000       5.00000e-20       5.00000e-20
 150.8000000       5.00000e-20       5.00000e-20
 150.9000000       5.00000e-20       5.00000e-20
 151.0000000       5.00000e-20       5.00000e-20
 151.1000000       5.00000e-20       5.00000e-20
 151.2000000       5.00000e-20       5.00000e-20
 151.3000000       5.00000e-20       5.00000e-20
 151.4000000       5.00000e-20       5.00000e-20
 151.5000000       5.00000e-20       5.00000e-20
 151.6000000       5.00000e-20       5.00000e-20
 151.7000000       5.00000e-20       5.00000e-20
 151.8000000       5.00000e-20       5.00000e-20
 151.9000000       5.00000e-20       5.00000e-20
 152.0000000       5.00000e-20       5.00000e-20
 152.1000000       5.00000e-20       5.00000e-20
 152.2000000       5.00000e-20       5.00000e-20
 152.3000000       5.00000e-20       5.00000e-20
 152.4000000       5.00000e-20       5.00000e-20
 152.5000000       5.00000e-20       5.00000e-20
 152.6000000       5.00000e-20       5.00000e-20
 152.7000000       5.00000e-20       5.00000e-20
 152.8000000       5.00000e-20       5.00000e-20
 152.9000000       5.00000e-20       5.00000e-20
 153.0000000       5.00000e-20       5.00000e-20
 153.1000000       5.00000e-20       5.00000e-20
 153.2000000       5.00000e-20       5.00000e-20
 153.3000000       5.00000e-20       5.00000e-20
 153.4000000       5.00000e-20       5.00000e-20
 153.5000000       5.00000e-20       5.00000e-20
 153.6000000       5.00000e-20       5.00000e-20
 153.7000000       5.00000e-20       5.00000e-20
 153.8000000       5.00000e-20       5.00000e-20
 153.9000000       5.00000e-20       5.00000e-20
 154.0000000       5.00000e-20       5.00000e-20
 154.1000000       5.00000e-20       5.00000e-20
 154.2000000       5.00000e-20       5.00000e-20
 154.3000000       5.00000e-20       5.00000e-20
 154.4000000       5.00000e-20       5.00000e-20
 154.5000000       5.00000e-20       5.00000e-20
 154.6000000       5.00000e-20       5.00000e-20
 154.7000000       5.00000e-20       5.00000e-20
 154.8000000       5.00000e-20       5.00000e-20
 154.9000000       5.00000e-20       5.00000e-20
 155.0000000       5.00000e-20       5.00000e-20
 155.1000000       5.00000e-20       5.00000e-20
 155.2000000       5.00000e-20       5.00000e-20
 155.3000000       5.00000e-20       5.00000e-20
 155.4000000       5.00000e-20       5.00000e-20
 155.5000000       5.00000e-20       5.00000e-20
 155.6000000       5.00000e-20       5.00000e-20
 155.7000000       5.00000e-20       5.00000e-20
 155.8000000       5.00000e-20       5.00000e-20
 155.9000000       5.00000e-20       5.00000e-20
 156.0000000       5.00000e-20       5.00000e-20
 156.1000000       5.00000e-20       5.00000e-20
 156.2000000       5.00000e-20       5.00000e-20
 156.3000000       5.00000e-20       5.00000e-20
 156.4000000       5.00000e-20       5.00000e-20
 156.5000000       5.00000e-20       5.00000e-20
 156.6000000       5.00000e-20       5.00000e-20
 156.7000000       5.00000e-20       5.00000e-20
 156.8000000       5.00000e-20       5.00000e-20
 156.9000000       5.00000e-20       5.00000e-20
 157.0000000       5.00000e-20       5.00000e-20
 157.1000000       5.00000e-20       5.00000e-20
 157.2000000       5.00000e-20       5.00000e-20
 157.3000000       5.00000e-20       5.00000e-20
 157.4000000       5.00000e-20       5.00000e-20
 157.5000000       5.00000e-20       5.00000e-20
 157.6000000       5.00000e-20       5.00000e-20
 157.7000000       5.00000e-20       5.00000e-20
 157.8000000       5.00000e-20       5.00000e-20
 157.9000000       5.00000e-20       5.00000e-20
 158.0000000       5.00000e-20       5.00000e-20
 158.1000000       5.00000e-20       5.00000e-20
 158.2000000       5.00000e-20       5.00000e-20
 158.3000000       5.00000e-20       5.00000e-20
 158.4000000       5.00000e-20       5.00000e-20
 158.5000000       5.00000e-20       5.00000e-20
 158.6000000       5.00000e-20       5.00000e-20
 158.7000000       5.00000e-20       5.00000e-20
 158.8000000       5.00000e-20       5.00000e-20
 158.9000000       5.00000e-20       5.00000e-20
 159.0000000       5.00000e-20       5.00000e-20
 159.1000000       5.00000e-20       5.00000e-20
 159.2000000       5.00000e-20       5.00000e-20
 159.3000000       5.00000e-20       5.00000e-20
 159.4000000       5.00000e-20       5.00000e-20
 159.5000000       5.00000e-20       5.00000e-20
 159.6000000       5.00000e-20       5.00000e-20
 159.7000000       5.00000e-20       5.00000e-20
 159.8000000       5.00000e-20       5.00000e-20
 159.9000000       5.00000e-20       5.00000e-20
 160.0000000       5.00000e-20       5.00000e-20
 160.1000000       5.00000e-20       5.00000e-20
 160.2000000       5.00000e-20       5.00000e-20
 160.3000000       5.00000e-20       5.00000e-20
 160.4000000       5.00000e-20       5.00000e-20
 160.5000000       5.00000e-20       5.00000e-20
 160.6000000       5.00000e-20       5.00000e-20
 160.7000000       5.00000e-20       5.00000e-20
 160.8000000       5.00000e-20       5.00000e-20
 160.9000000       5.00000e-20       5.00000e-20
 161.0000000       5.00000e-20       5.00000e-20
 161.1000000       5.00000e-20       5.00000e-20
 161.2000000       5.00000e-20       5.00000e-20
 161.3000000       5.00000e-20       5.00000e-20
 161.4000000       5.00000e-20       5.00000e-20
 161.5000000       5.00000e-20       5.00000e-20
 161.6000000       5.00000e-20       5.00000e-20
 161.7000000       5.00000e-20       5.00000e-20
 161.8000000       5.00000e-20       5.00000e-20
 161.9000000       5.00000e-20       5.00000e-20
 162.0000000       5.00000e-20       5.00000e-20
 162.1000000       5.00000e-20       5.00000e-20
 162.2000000       5.00000e-20       5.00000e-20
 162.3000000       5.00000e-20       5.00000e-20
 162.4000000       5.00000e-20       5.00000e-20
 162.5000000       5.00000e-20       5.00000e-20
 162.6000000       5.00000e-20       5.00000e-20
 162.7000000       5.00000e-20       5.00000e-20
 162.8000000       5.00000e-20       5.00000e-20
 162.9000000       5.00000e-20       5.00000e-20
 163.0000000       5.00000e-20       5.00000e-20
 163.1000000       5.00000e-20       5.00000e-20
 163.2000000       5.00000e-20       5.00000e-20
 163.3000000       5.00000e-20       5.00000e-20
 163.4000000       5.00000e-20       5.00000e-20
 163.5000000       5.00000e-20       5.00000e-20
 163.6000000       5.00000e-20       5.00000e-20
 163.7000000       5.00000e-20       5.00000e-20
 163.8000000       5.00000e-20       5.00000e-20
 163.9000000       5.00000e-20       5.00000e-20
 164.0000000       5.00000e-20       5.00000e-20
 164.1000000       5.00000e-20       5.00000e-20
 164.2000000       5.00000e-20       5.00000e-20
 164.3000000       5.00000e-20       5.00000e-20
 164.4000000       5.00000e-20       5.00000e-20
 164.5000000       5.00000e-20       5.00000e-20
 164.6000000       5.00000e-20       5.00000e-20
 164.7000000       5.00000e-20       5.00000e-20
 164.8000000       5.00000e-20       5.00000e-20
 164.9000000       5.00000e-20       5.00000e-20
 165.0000000       5.00000e-20       5.00000e-20
 165.1000000       5.00000e-20       5.00000e-20
 165.2000000       5.00000e-20       5.00000e-20
 165.3000000       5.00000e-20       5.00000e-20
 165.4000000       5.00000e-20       5.00000e-20
 165.5000000       5.00000e-20       5.00000e-20
 165.6000000       5.00000e-20       5.00000e-20
 165.7000000       5.00000e-20       5.00000e-20
 165.8000000       5.00000e-20       5.00000e-20
 165.9000000       5.00000e-20       5.00000e-20
 166.0000000       5.00000e-20       5.00000e-20
 166.1000000       5.00000e-20       5.00000e-20
 166.2000000       5.00000e-20       5.00000e-20
 166.3000000       5.00000e-20       5.00000e-20
 166.4000000       5.00000e-20       5.00000e-20
 166.5000000       5.00000e-20       5.00000e-20
 166.6000000       5.00000e-20       5.00000e-20
 166.7000000       5.00000e-20       5.00000e-20
 166.8000000       5.00000e-20       5.00000e-20
 166.9000000       5.00000e-20       5.00000e-20
 167.0000000       5.00000e-20       5.00000e-20
 167.1000000       5.00000e-20       5.00000e-20
 167.2000000       5.00000e-20       5.00000e-20
 167.3000000       5.00000e-20       5.00000e-20
 167.4000000       5.00000e-20       5.00000e-20
 167.5000000       5.00000e-20       5.00000e-20
 167.6000000       5.00000e-20       5.00000e-20
 167.7000000       5.00000e-20       5.00000e-20
 167.8000000       5.00000e-20       5.00000e-20
 167.9000000       5.00000e-20       5.00000e-20
 168.0000000       5.00000e-20       5.00000e-20
 168.1000000       5.00000e-20       5.00000e-20
 168.2000000       5.00000e-20       5.00000e-20
 168.3000000       5.00000e-20       5.00000e-20
 168.4000000       5.00000e-20       5.00000e-20
 168.5000000       5.00000e-20       5.00000e-20
 168.6000000       5.00000e-20       5.00000e-20
 168.7000000       5.00000e-20       5.00000e-20
 168.8000000       5.00000e-20       5.00000e-20
 168.9000000       5.00000e-20       5.00000e-20
 169.0000000       5.00000e-20       5.00000e-20
 169.1000000       5.00000e-20       5.00000e-20
 169.2000000       5.00000e-20       5.00000e-20
 169.3000000       5.00000e-20       5.00000e-20
 169.4000000       5.00000e-20       5.00000e-20
 169.5000000       5.45127e-20       5.45127e-20
 169.6000000       9.35791e-20       9.35791e-20
 169.7000000       1.92785e-19       1.92785e-19
 169.8000000       3.81888e-19       3.81888e-19
 169.9000000       7.16242e-19       7.16242e-19
 170.0000000       1.27187e-18       1.27187e-18
 170.1000000       2.13837e-18       2.13837e-18
 170.2000000       3.40391e-18       3.40391e-18
 170.3000000       5.13010e-18       5.13010e-18
 170.4000000       7.32022e-18       7.32022e-18
 170.5000000       9.88944e-18       9.88944e-18
 170.6000000       1.26493e-17       1.26493e-17
 170.7000000       1.53183e-17       1.53183e-17
 170.8000000       1.75629e-17       1.75629e-17
 170.9000000       1.90647e-17       1.90647e-17
 171.0000000       1.95933e-17       1.95933e-17
 171.1000000       1.90647e-17       1.90647e-17
 171.2000000       1.75629e-17       1.75629e-17
 171.3000000       1.53183e-17       1.53183e-17
 171.4000000       1.26493e-17       1.26493e-17
 171.5000000       9.88944e-18       9.88944e-18
 171.6000000       7.32022e-18       7.32022e-18
 171.7000000       5.13010e-18       5.13010e-18
 171.8000000       3.40391e-18       3.40391e-18
 171.9000000       2.13837e-18       2.13837e-18
 172.0000000       1.27187e-18       1.27187e-18
 172.1000000       7.16242e-19       7.16242e-19
 172.2000000       3.81888e-19       3.81888e-19
 172.3000000       1.92785e-19       1.92785e-19
 172.4000000       9.35791e-20       9.35791e-20
 172.5000000       5.45127e-20       5.45127e-20
 172.6000000       5.00000e-20       5.00000e-20
 172.7000000       5.00000e-20       5.00000e-20
 172.8000000       5.00000e-20       5.00000e-20
 172.9000000       5.00000e-20       5.00000e-20
 173.0000000       5.00000e-20       5.00000e-20
 173.1000000       5.00000e-20       5.00000e-20
 173.2000000       5.00000e-20       5.00000e-20
 173.3000000       5.00000e-20       5.00000e-20
 173.4000000       5.00000e-20       5.00000e-20
 173.5000000       5.00000e-20       5.00000e-20
 173.6000000       5.00000e-20       5.00000e-20
 173.7000000       5.00000e-20       5.00000e-20
 173.8000000       5.00000e-20       5.00000e-20
 173.9000000       5.00000e-20       5.00000e-20
 174.0000000       5.00000e-20       5.00000e-20
