# Cross sections for CH2
# Converted from earlier Leiden database cross sections by Alan Heays 2016-02-24
# Photodissociation source: CH2 P.D. cf. van Dishoeck et al. ('96)
# Lines represented with gaussian of width 1.0 nm FWHM
# wavelength: (nm)
# photoabsorption:    cross section (cm2)
# photodissociation:  cross section (cm2)
# 
# wavelength   photoabsorption photodissociation
  91.3000000       5.00000e-20       5.00000e-20
  91.4000000       5.00000e-20       5.00000e-20
  91.5000000       5.00000e-20       5.00000e-20
  91.6000000       5.00000e-20       5.00000e-20
  91.7000000       5.00000e-20       5.00000e-20
  91.8000000       5.00000e-20       5.00000e-20
  91.9000000       5.00000e-20       5.00000e-20
  92.0000000       5.00000e-20       5.00000e-20
  92.1000000       5.00000e-20       5.00000e-20
  92.2000000       5.00000e-20       5.00000e-20
  92.3000000       5.00000e-20       5.00000e-20
  92.4000000       5.00000e-20       5.00000e-20
  92.5000000       5.00000e-20       5.00000e-20
  92.6000000       5.00000e-20       5.00000e-20
  92.7000000       5.00000e-20       5.00000e-20
  92.8000000       5.00000e-20       5.00000e-20
  92.9000000       5.00000e-20       5.00000e-20
  93.0000000       5.00000e-20       5.00000e-20
  93.1000000       5.00000e-20       5.00000e-20
  93.2000000       5.00000e-20       5.00000e-20
  93.3000000       5.00000e-20       5.00000e-20
  93.4000000       5.00000e-20       5.00000e-20
  93.5000000       5.00000e-20       5.00000e-20
  93.6000000       5.00000e-20       5.00000e-20
  93.7000000       5.00000e-20       5.00000e-20
  93.8000000       5.00000e-20       5.00000e-20
  93.9000000       5.00000e-20       5.00000e-20
  94.0000000       5.00000e-20       5.00000e-20
  94.1000000       5.00000e-20       5.00000e-20
  94.2000000       5.00000e-20       5.00000e-20
  94.3000000       5.00000e-20       5.00000e-20
  94.4000000       5.00000e-20       5.00000e-20
  94.5000000       5.00000e-20       5.00000e-20
  94.6000000       5.00000e-20       5.00000e-20
  94.7000000       5.00000e-20       5.00000e-20
  94.8000000       5.00000e-20       5.00000e-20
  94.9000000       5.00000e-20       5.00000e-20
  95.0000000       5.00000e-20       5.00000e-20
  95.1000000       5.00000e-20       5.00000e-20
  95.2000000       5.00000e-20       5.00000e-20
  95.3000000       5.00000e-20       5.00000e-20
  95.4000000       5.00000e-20       5.00000e-20
  95.5000000       5.00000e-20       5.00000e-20
  95.6000000       5.00000e-20       5.00000e-20
  95.7000000       5.00000e-20       5.00000e-20
  95.8000000       5.00000e-20       5.00000e-20
  95.9000000       5.00000e-20       5.00000e-20
  96.0000000       5.00000e-20       5.00000e-20
  96.1000000       5.00000e-20       5.00000e-20
  96.2000000       5.00000e-20       5.00000e-20
  96.3000000       5.00000e-20       5.00000e-20
  96.4000000       5.00000e-20       5.00000e-20
  96.5000000       5.00000e-20       5.00000e-20
  96.6000000       5.00000e-20       5.00000e-20
  96.7000000       5.00000e-20       5.00000e-20
  96.8000000       5.00000e-20       5.00000e-20
  96.9000000       5.00000e-20       5.00000e-20
  97.0000000       5.00000e-20       5.00000e-20
  97.1000000       5.00000e-20       5.00000e-20
  97.2000000       5.00000e-20       5.00000e-20
  97.3000000       5.00000e-20       5.00000e-20
  97.4000000       5.00000e-20       5.00000e-20
  97.5000000       5.00000e-20       5.00000e-20
  97.6000000       5.00000e-20       5.00000e-20
  97.7000000       5.00000e-20       5.00000e-20
  97.8000000       5.00000e-20       5.00000e-20
  97.9000000       5.00000e-20       5.00000e-20
  98.0000000       5.00000e-20       5.00000e-20
  98.1000000       5.00000e-20       5.00000e-20
  98.2000000       5.00000e-20       5.00000e-20
  98.3000000       5.00000e-20       5.00000e-20
  98.4000000       5.00000e-20       5.00000e-20
  98.5000000       5.00000e-20       5.00000e-20
  98.6000000       5.00000e-20       5.00000e-20
  98.7000000       5.00000e-20       5.00000e-20
  98.8000000       5.00000e-20       5.00000e-20
  98.9000000       5.00000e-20       5.00000e-20
  99.0000000       5.00000e-20       5.00000e-20
  99.1000000       5.00000e-20       5.00000e-20
  99.2000000       5.00000e-20       5.00000e-20
  99.3000000       5.00000e-20       5.00000e-20
  99.4000000       5.00000e-20       5.00000e-20
  99.5000000       5.00000e-20       5.00000e-20
  99.6000000       5.00000e-20       5.00000e-20
  99.7000000       5.00000e-20       5.00000e-20
  99.8000000       5.00000e-20       5.00000e-20
  99.9000000       5.00000e-20       5.00000e-20
 100.0000000       5.00000e-20       5.00000e-20
 100.1000000       5.00000e-20       5.00000e-20
 100.2000000       5.00000e-20       5.00000e-20
 100.3000000       5.00000e-20       5.00000e-20
 100.4000000       5.00000e-20       5.00000e-20
 100.5000000       5.00000e-20       5.00000e-20
 100.6000000       5.00000e-20       5.00000e-20
 100.7000000       5.00000e-20       5.00000e-20
 100.8000000       5.00000e-20       5.00000e-20
 100.9000000       5.00000e-20       5.00000e-20
 101.0000000       5.00000e-20       5.00000e-20
 101.1000000       5.00000e-20       5.00000e-20
 101.2000000       5.00000e-20       5.00000e-20
 101.3000000       5.00000e-20       5.00000e-20
 101.4000000       5.00000e-20       5.00000e-20
 101.5000000       5.00000e-20       5.00000e-20
 101.6000000       5.00000e-20       5.00000e-20
 101.7000000       5.00000e-20       5.00000e-20
 101.8000000       5.00000e-20       5.00000e-20
 101.9000000       5.00000e-20       5.00000e-20
 102.0000000       5.00000e-20       5.00000e-20
 102.1000000       5.00000e-20       5.00000e-20
 102.2000000       5.00000e-20       5.00000e-20
 102.3000000       5.00000e-20       5.00000e-20
 102.4000000       5.00000e-20       5.00000e-20
 102.5000000       5.00000e-20       5.00000e-20
 102.6000000       5.00000e-20       5.00000e-20
 102.7000000       5.00000e-20       5.00000e-20
 102.8000000       5.00000e-20       5.00000e-20
 102.9000000       5.00000e-20       5.00000e-20
 103.0000000       5.00000e-20       5.00000e-20
 103.1000000       5.00000e-20       5.00000e-20
 103.2000000       5.00000e-20       5.00000e-20
 103.3000000       5.00000e-20       5.00000e-20
 103.4000000       5.00000e-20       5.00000e-20
 103.5000000       5.00000e-20       5.00000e-20
 103.6000000       5.00000e-20       5.00000e-20
 103.7000000       5.00000e-20       5.00000e-20
 103.8000000       5.00000e-20       5.00000e-20
 103.9000000       5.00000e-20       5.00000e-20
 104.0000000       5.00000e-20       5.00000e-20
 104.1000000       5.00000e-20       5.00000e-20
 104.2000000       5.00000e-20       5.00000e-20
 104.3000000       5.00000e-20       5.00000e-20
 104.4000000       5.00000e-20       5.00000e-20
 104.5000000       5.00000e-20       5.00000e-20
 104.6000000       5.00000e-20       5.00000e-20
 104.7000000       5.00000e-20       5.00000e-20
 104.8000000       5.00000e-20       5.00000e-20
 104.9000000       5.00000e-20       5.00000e-20
 105.0000000       5.00000e-20       5.00000e-20
 105.1000000       5.00000e-20       5.00000e-20
 105.2000000       5.00000e-20       5.00000e-20
 105.3000000       5.00000e-20       5.00000e-20
 105.4000000       5.00000e-20       5.00000e-20
 105.5000000       5.00000e-20       5.00000e-20
 105.6000000       5.00000e-20       5.00000e-20
 105.7000000       5.00000e-20       5.00000e-20
 105.8000000       5.00000e-20       5.00000e-20
 105.9000000       5.00000e-20       5.00000e-20
 106.0000000       5.00000e-20       5.00000e-20
 106.1000000       5.00000e-20       5.00000e-20
 106.2000000       5.00000e-20       5.00000e-20
 106.3000000       5.00000e-20       5.00000e-20
 106.4000000       5.00000e-20       5.00000e-20
 106.5000000       5.00000e-20       5.00000e-20
 106.6000000       5.00000e-20       5.00000e-20
 106.7000000       5.00000e-20       5.00000e-20
 106.8000000       5.00000e-20       5.00000e-20
 106.9000000       5.00000e-20       5.00000e-20
 107.0000000       5.00000e-20       5.00000e-20
 107.1000000       5.00000e-20       5.00000e-20
 107.2000000       5.00000e-20       5.00000e-20
 107.3000000       5.00000e-20       5.00000e-20
 107.4000000       5.00000e-20       5.00000e-20
 107.5000000       5.00000e-20       5.00000e-20
 107.6000000       5.00000e-20       5.00000e-20
 107.7000000       5.00000e-20       5.00000e-20
 107.8000000       5.00000e-20       5.00000e-20
 107.9000000       5.00000e-20       5.00000e-20
 108.0000000       5.00000e-20       5.00000e-20
 108.1000000       5.00000e-20       5.00000e-20
 108.2000000       5.00000e-20       5.00000e-20
 108.3000000       5.00000e-20       5.00000e-20
 108.4000000       5.00000e-20       5.00000e-20
 108.5000000       5.00000e-20       5.00000e-20
 108.6000000       5.00000e-20       5.00000e-20
 108.7000000       5.00000e-20       5.00000e-20
 108.8000000       5.00000e-20       5.00000e-20
 108.9000000       5.00000e-20       5.00000e-20
 109.0000000       5.00000e-20       5.00000e-20
 109.1000000       5.00000e-20       5.00000e-20
 109.2000000       5.00000e-20       5.00000e-20
 109.3000000       5.00000e-20       5.00000e-20
 109.4000000       5.00000e-20       5.00000e-20
 109.5000000       5.00000e-20       5.00000e-20
 109.6000000       5.00000e-20       5.00000e-20
 109.7000000       5.00000e-20       5.00000e-20
 109.8000000       5.00000e-20       5.00000e-20
 109.9000000       5.00000e-20       5.00000e-20
 110.0000000       5.00000e-20       5.00000e-20
 110.1000000       5.00000e-20       5.00000e-20
 110.2000000       5.00000e-20       5.00000e-20
 110.3000000       5.00000e-20       5.00000e-20
 110.4000000       5.00000e-20       5.00000e-20
 110.5000000       5.00000e-20       5.00000e-20
 110.6000000       5.00000e-20       5.00000e-20
 110.7000000       5.00000e-20       5.00000e-20
 110.8000000       5.00000e-20       5.00000e-20
 110.9000000       5.00000e-20       5.00000e-20
 111.0000000       5.00000e-20       5.00000e-20
 111.1000000       5.00000e-20       5.00000e-20
 111.2000000       5.00000e-20       5.00000e-20
 111.3000000       5.00000e-20       5.00000e-20
 111.4000000       5.00000e-20       5.00000e-20
 111.5000000       5.00000e-20       5.00000e-20
 111.6000000       5.00000e-20       5.00000e-20
 111.7000000       5.00000e-20       5.00000e-20
 111.8000000       5.00000e-20       5.00000e-20
 111.9000000       5.00000e-20       5.00000e-20
 112.0000000       5.00000e-20       5.00000e-20
 112.1000000       5.00000e-20       5.00000e-20
 112.2000000       5.00000e-20       5.00000e-20
 112.3000000       5.00000e-20       5.00000e-20
 112.4000000       5.00000e-20       5.00000e-20
 112.5000000       5.00000e-20       5.00000e-20
 112.6000000       5.00000e-20       5.00000e-20
 112.7000000       5.00000e-20       5.00000e-20
 112.8000000       5.00000e-20       5.00000e-20
 112.9000000       5.00000e-20       5.00000e-20
 113.0000000       5.00000e-20       5.00000e-20
 113.1000000       5.00000e-20       5.00000e-20
 113.2000000       5.00000e-20       5.00000e-20
 113.3000000       5.00000e-20       5.00000e-20
 113.4000000       5.00000e-20       5.00000e-20
 113.5000000       5.00000e-20       5.00000e-20
 113.6000000       5.00000e-20       5.00000e-20
 113.7000000       5.00000e-20       5.00000e-20
 113.8000000       5.00000e-20       5.00000e-20
 113.9000000       5.00000e-20       5.00000e-20
 114.0000000       5.00000e-20       5.00000e-20
 114.1000000       5.00000e-20       5.00000e-20
 114.2000000       5.00000e-20       5.00000e-20
 114.3000000       5.00000e-20       5.00000e-20
 114.4000000       5.00000e-20       5.00000e-20
 114.5000000       5.00000e-20       5.00000e-20
 114.6000000       5.00000e-20       5.00000e-20
 114.7000000       5.00000e-20       5.00000e-20
 114.8000000       5.00000e-20       5.00000e-20
 114.9000000       5.00000e-20       5.00000e-20
 115.0000000       5.00000e-20       5.00000e-20
 115.1000000       5.00000e-20       5.00000e-20
 115.2000000       5.00000e-20       5.00000e-20
 115.3000000       5.00000e-20       5.00000e-20
 115.4000000       5.00000e-20       5.00000e-20
 115.5000000       5.00000e-20       5.00000e-20
 115.6000000       5.00000e-20       5.00000e-20
 115.7000000       5.00000e-20       5.00000e-20
 115.8000000       5.00000e-20       5.00000e-20
 115.9000000       5.00000e-20       5.00000e-20
 116.0000000       5.00000e-20       5.00000e-20
 116.1000000       5.00000e-20       5.00000e-20
 116.2000000       5.00000e-20       5.00000e-20
 116.3000000       5.00000e-20       5.00000e-20
 116.4000000       5.00000e-20       5.00000e-20
 116.5000000       5.00000e-20       5.00000e-20
 116.6000000       5.00000e-20       5.00000e-20
 116.7000000       5.00000e-20       5.00000e-20
 116.8000000       5.00000e-20       5.00000e-20
 116.9000000       5.00000e-20       5.00000e-20
 117.0000000       5.00000e-20       5.00000e-20
 117.1000000       5.00000e-20       5.00000e-20
 117.2000000       5.00000e-20       5.00000e-20
 117.3000000       5.00000e-20       5.00000e-20
 117.4000000       5.00000e-20       5.00000e-20
 117.5000000       5.00000e-20       5.00000e-20
 117.6000000       5.00000e-20       5.00000e-20
 117.7000000       5.35295e-20       5.35295e-20
 117.8000000       7.51621e-20       7.51621e-20
 117.9000000       1.23478e-19       1.23478e-19
 118.0000000       1.92280e-19       1.92280e-19
 118.1000000       2.83489e-19       2.83489e-19
 118.2000000       3.95728e-19       3.95728e-19
 118.3000000       5.23019e-19       5.23019e-19
 118.4000000       6.54480e-19       6.54480e-19
 118.5000000       7.75412e-19       7.75412e-19
 118.6000000       8.69812e-19       8.69812e-19
 118.7000000       9.23788e-19       9.23788e-19
 118.8000000       9.28905e-19       9.28905e-19
 118.9000000       8.84341e-19       8.84341e-19
 119.0000000       7.97103e-19       7.97103e-19
 119.1000000       6.80224e-19       6.80224e-19
 119.2000000       5.49577e-19       5.49577e-19
 119.3000000       4.20378e-19       4.20378e-19
 119.4000000       3.04426e-19       3.04426e-19
 119.5000000       2.08713e-19       2.08713e-19
 119.6000000       1.35468e-19       1.35468e-19
 119.7000000       8.32415e-20       8.32415e-20
 119.8000000       5.53889e-20       5.53889e-20
 119.9000000       5.00436e-20       5.00436e-20
 120.0000000       5.00000e-20       5.00000e-20
 120.1000000       5.00000e-20       5.00000e-20
 120.2000000       5.00000e-20       5.00000e-20
 120.3000000       5.00000e-20       5.00000e-20
 120.4000000       5.00000e-20       5.00000e-20
 120.5000000       5.00000e-20       5.00000e-20
 120.6000000       5.00000e-20       5.00000e-20
 120.7000000       5.00000e-20       5.00000e-20
 120.8000000       5.00000e-20       5.00000e-20
 120.9000000       5.00000e-20       5.00000e-20
 121.0000000       5.00000e-20       5.00000e-20
 121.1000000       5.00000e-20       5.00000e-20
 121.2000000       5.00000e-20       5.00000e-20
 121.3000000       5.00000e-20       5.00000e-20
 121.4000000       5.00000e-20       5.00000e-20
 121.5000000       5.00000e-20       5.00000e-20
 121.6000000       5.00000e-20       5.00000e-20
 121.7000000       5.00000e-20       5.00000e-20
 121.8000000       5.00000e-20       5.00000e-20
 121.9000000       5.00000e-20       5.00000e-20
 122.0000000       5.00000e-20       5.00000e-20
 122.1000000       5.00000e-20       5.00000e-20
 122.2000000       5.00000e-20       5.00000e-20
 122.3000000       5.00000e-20       5.00000e-20
 122.4000000       5.00000e-20       5.00000e-20
 122.5000000       6.15594e-20       6.15594e-20
 122.6000000       1.12416e-19       1.12416e-19
 122.7000000       2.27884e-19       2.27884e-19
 122.8000000       4.44172e-19       4.44172e-19
 122.9000000       8.26106e-19       8.26106e-19
 123.0000000       1.46060e-18       1.46060e-18
 123.1000000       2.45008e-18       2.45008e-18
 123.2000000       3.89535e-18       3.89535e-18
 123.3000000       5.86684e-18       5.86684e-18
 123.4000000       8.36834e-18       8.36834e-18
 123.5000000       1.13030e-17       1.13030e-17
 123.6000000       1.44557e-17       1.44557e-17
 123.7000000       1.75047e-17       1.75047e-17
 123.8000000       2.00695e-17       2.00695e-17
 123.9000000       2.17861e-17       2.17861e-17
 124.0000000       2.23911e-17       2.23911e-17
 124.1000000       2.17883e-17       2.17883e-17
 124.2000000       2.00733e-17       2.00733e-17
 124.3000000       1.75089e-17       1.75089e-17
 124.4000000       1.44591e-17       1.44591e-17
 124.5000000       1.13047e-17       1.13047e-17
 124.6000000       8.36776e-18       8.36776e-18
 124.7000000       5.86393e-18       5.86393e-18
 124.8000000       3.89044e-18       3.89044e-18
 124.9000000       2.44376e-18       2.44376e-18
 125.0000000       1.45371e-18       1.45371e-18
 125.1000000       8.19940e-19       8.19940e-19
 125.2000000       4.40902e-19       4.40902e-19
 125.3000000       2.31522e-19       2.31522e-19
 125.4000000       1.30350e-19       1.30350e-19
 125.5000000       9.96518e-20       9.96518e-20
 125.6000000       1.22011e-19       1.22011e-19
 125.7000000       1.95879e-19       1.95879e-19
 125.8000000       3.31018e-19       3.31018e-19
 125.9000000       5.43622e-19       5.43622e-19
 126.0000000       8.50503e-19       8.50503e-19
 126.1000000       1.26216e-18       1.26216e-18
 126.2000000       1.77558e-18       1.77558e-18
 126.3000000       2.36871e-18       2.36871e-18
 126.4000000       2.99943e-18       2.99943e-18
 126.5000000       3.61076e-18       3.61076e-18
 126.6000000       4.14271e-18       4.14271e-18
 126.7000000       4.54783e-18       4.54783e-18
 126.8000000       4.80527e-18       4.80527e-18
 126.9000000       4.92779e-18       4.92779e-18
 127.0000000       4.95758e-18       4.95758e-18
 127.1000000       4.95140e-18       4.95140e-18
 127.2000000       4.95958e-18       4.95958e-18
 127.3000000       5.00675e-18       5.00675e-18
 127.4000000       5.08173e-18       5.08173e-18
 127.5000000       5.14087e-18       5.14087e-18
 127.6000000       5.12342e-18       5.12342e-18
 127.7000000       4.97328e-18       4.97328e-18
 127.8000000       4.65871e-18       4.65871e-18
 127.9000000       4.18315e-18       4.18315e-18
 128.0000000       3.58404e-18       3.58404e-18
 128.1000000       2.92135e-18       2.92135e-18
 128.2000000       2.26111e-18       2.26111e-18
 128.3000000       1.65990e-18       1.65990e-18
 128.4000000       1.15490e-18       1.15490e-18
 128.5000000       7.61242e-19       7.61242e-19
 128.6000000       4.75218e-19       4.75218e-19
 128.7000000       2.80919e-19       2.80919e-19
 128.8000000       1.57232e-19       1.57232e-19
 128.9000000       8.33180e-20       8.33180e-20
 129.0000000       5.18023e-20       5.18023e-20
 129.1000000       5.00130e-20       5.00130e-20
 129.2000000       5.00000e-20       5.00000e-20
 129.3000000       5.00000e-20       5.00000e-20
 129.4000000       5.00000e-20       5.00000e-20
 129.5000000       5.00000e-20       5.00000e-20
 129.6000000       5.00000e-20       5.00000e-20
 129.7000000       5.00000e-20       5.00000e-20
 129.8000000       5.00000e-20       5.00000e-20
 129.9000000       5.00000e-20       5.00000e-20
 130.0000000       5.00000e-20       5.00000e-20
 130.1000000       5.00000e-20       5.00000e-20
 130.2000000       5.00000e-20       5.00000e-20
 130.3000000       5.00000e-20       5.00000e-20
 130.4000000       5.00000e-20       5.00000e-20
 130.5000000       5.00000e-20       5.00000e-20
 130.6000000       5.00000e-20       5.00000e-20
 130.7000000       5.00000e-20       5.00000e-20
 130.8000000       5.00000e-20       5.00000e-20
 130.9000000       5.00000e-20       5.00000e-20
 131.0000000       5.00000e-20       5.00000e-20
 131.1000000       6.32035e-20       6.32035e-20
 131.2000000       1.08161e-19       1.08161e-19
 131.3000000       1.85798e-19       1.85798e-19
 131.4000000       3.02697e-19       3.02697e-19
 131.5000000       4.67588e-19       4.67588e-19
 131.6000000       6.84875e-19       6.84875e-19
 131.7000000       9.51162e-19       9.51162e-19
 131.8000000       1.25254e-18       1.25254e-18
 131.9000000       1.56394e-18       1.56394e-18
 132.0000000       1.85154e-18       1.85154e-18
 132.1000000       2.07839e-18       2.07839e-18
 132.2000000       2.21203e-18       2.21203e-18
 132.3000000       2.23210e-18       2.23210e-18
 132.4000000       2.13540e-18       2.13540e-18
 132.5000000       1.93677e-18       1.93677e-18
 132.6000000       1.66529e-18       1.66529e-18
 132.7000000       1.35736e-18       1.35736e-18
 132.8000000       1.04877e-18       1.04877e-18
 132.9000000       7.68111e-19       7.68111e-19
 133.0000000       5.33238e-19       5.33238e-19
 133.1000000       3.50925e-19       3.50925e-19
 133.2000000       2.19052e-19       2.19052e-19
 133.3000000       1.30020e-19       1.30020e-19
 133.4000000       7.41610e-20       7.41610e-20
 133.5000000       5.04103e-20       5.04103e-20
 133.6000000       5.00018e-20       5.00018e-20
 133.7000000       5.00000e-20       5.00000e-20
 133.8000000       5.00000e-20       5.00000e-20
 133.9000000       6.03593e-20       6.03593e-20
 134.0000000       9.47773e-20       9.47773e-20
 134.1000000       1.50763e-19       1.50763e-19
 134.2000000       2.28121e-19       2.28121e-19
 134.3000000       3.27154e-19       3.27154e-19
 134.4000000       4.44332e-19       4.44332e-19
 134.5000000       5.71412e-19       5.71412e-19
 134.6000000       6.95752e-19       6.95752e-19
 134.7000000       8.02082e-19       8.02082e-19
 134.8000000       8.75465e-19       8.75465e-19
 134.9000000       9.04716e-19       9.04716e-19
 135.0000000       8.85189e-19       8.85189e-19
 135.1000000       8.19990e-19       8.19990e-19
 135.2000000       7.19160e-19       7.19160e-19
 135.3000000       5.97151e-19       5.97151e-19
 135.4000000       4.69442e-19       4.69442e-19
 135.5000000       3.49398e-19       3.49398e-19
 135.6000000       2.46212e-19       2.46212e-19
 135.7000000       1.64285e-19       1.64285e-19
 135.8000000       1.03833e-19       1.03833e-19
 135.9000000       6.49972e-20       6.49972e-20
 136.0000000       5.01240e-20       5.01240e-20
 136.1000000       5.00000e-20       5.00000e-20
 136.2000000       5.00000e-20       5.00000e-20
 136.3000000       5.00000e-20       5.00000e-20
 136.4000000       5.00000e-20       5.00000e-20
 136.5000000       5.00000e-20       5.00000e-20
 136.6000000       5.00000e-20       5.00000e-20
 136.7000000       5.00000e-20       5.00000e-20
 136.8000000       5.00000e-20       5.00000e-20
 136.9000000       5.00000e-20       5.00000e-20
 137.0000000       5.00000e-20       5.00000e-20
 137.1000000       5.00000e-20       5.00000e-20
 137.2000000       5.00000e-20       5.00000e-20
 137.3000000       5.00000e-20       5.00000e-20
 137.4000000       5.00000e-20       5.00000e-20
 137.5000000       5.00000e-20       5.00000e-20
 137.6000000       5.00000e-20       5.00000e-20
 137.7000000       5.00000e-20       5.00000e-20
 137.8000000       5.00000e-20       5.00000e-20
 137.9000000       5.00000e-20       5.00000e-20
 138.0000000       5.00000e-20       5.00000e-20
 138.1000000       5.00000e-20       5.00000e-20
 138.2000000       5.00000e-20       5.00000e-20
 138.3000000       5.00000e-20       5.00000e-20
 138.4000000       5.00000e-20       5.00000e-20
 138.5000000       5.00000e-20       5.00000e-20
 138.6000000       5.00000e-20       5.00000e-20
 138.7000000       5.00000e-20       5.00000e-20
 138.8000000       5.02413e-20       5.02413e-20
 138.9000000       5.35095e-20       5.35095e-20
 139.0000000       5.96511e-20       5.96511e-20
 139.1000000       6.30072e-20       6.30072e-20
 139.2000000       6.30106e-20       6.30106e-20
 139.3000000       5.96605e-20       5.96605e-20
 139.4000000       5.39113e-20       5.39113e-20
 139.5000000       5.00326e-20       5.00326e-20
 139.6000000       5.00000e-20       5.00000e-20
 139.7000000       5.00000e-20       5.00000e-20
 139.8000000       5.00000e-20       5.00000e-20
 139.9000000       5.00000e-20       5.00000e-20
 140.0000000       5.00000e-20       5.00000e-20
 140.1000000       5.00000e-20       5.00000e-20
 140.2000000       5.00000e-20       5.00000e-20
 140.3000000       5.00000e-20       5.00000e-20
 140.4000000       5.00000e-20       5.00000e-20
 140.5000000       5.00000e-20       5.00000e-20
 140.6000000       5.00000e-20       5.00000e-20
 140.7000000       5.00000e-20       5.00000e-20
 140.8000000       6.37628e-20       6.37628e-20
 140.9000000       1.18576e-19       1.18576e-19
 141.0000000       2.32211e-19       2.32211e-19
 141.1000000       4.30800e-19       4.30800e-19
 141.2000000       7.56781e-19       7.56781e-19
 141.3000000       1.25889e-18       1.25889e-18
 141.4000000       1.98322e-18       1.98322e-18
 141.5000000       2.95923e-18       2.95923e-18
 141.6000000       4.18328e-18       4.18328e-18
 141.7000000       5.60458e-18       5.60458e-18
 141.8000000       7.12060e-18       7.12060e-18
 141.9000000       8.58716e-18       8.58716e-18
 142.0000000       9.84470e-18       9.84470e-18
 142.1000000       1.07554e-17       1.07554e-17
 142.2000000       1.12398e-17       1.12398e-17
 142.3000000       1.13006e-17       1.13006e-17
 142.4000000       1.10226e-17       1.10226e-17
 142.5000000       1.05479e-17       1.05479e-17
 142.6000000       1.00340e-17       1.00340e-17
 142.7000000       9.60830e-18       9.60830e-18
 142.8000000       9.33586e-18       9.33586e-18
 142.9000000       9.20370e-18       9.20370e-18
 143.0000000       9.13702e-18       9.13702e-18
 143.1000000       9.02736e-18       9.02736e-18
 143.2000000       8.76864e-18       8.76864e-18
 143.3000000       8.28867e-18       8.28867e-18
 143.4000000       7.56725e-18       7.56725e-18
 143.5000000       6.63787e-18       6.63787e-18
 143.6000000       5.57503e-18       5.57503e-18
 143.7000000       4.47298e-18       4.47298e-18
 143.8000000       3.42318e-18       3.42318e-18
 143.9000000       2.49659e-18       2.49659e-18
 144.0000000       1.73456e-18       1.73456e-18
 144.1000000       1.14839e-18       1.14839e-18
 144.2000000       7.25596e-19       7.25596e-19
 144.3000000       4.39157e-19       4.39157e-19
 144.4000000       2.56716e-19       2.56716e-19
 144.5000000       1.47460e-19       1.47460e-19
 144.6000000       8.60138e-20       8.60138e-20
 144.7000000       5.71172e-20       5.71172e-20
 144.8000000       5.00581e-20       5.00581e-20
 144.9000000       5.00000e-20       5.00000e-20
 145.0000000       5.00000e-20       5.00000e-20
 145.1000000       5.00000e-20       5.00000e-20
 145.2000000       5.00000e-20       5.00000e-20
 145.3000000       5.00000e-20       5.00000e-20
 145.4000000       5.00000e-20       5.00000e-20
 145.5000000       5.00000e-20       5.00000e-20
 145.6000000       5.00000e-20       5.00000e-20
 145.7000000       5.00000e-20       5.00000e-20
 145.8000000       5.00000e-20       5.00000e-20
 145.9000000       5.00000e-20       5.00000e-20
 146.0000000       5.00000e-20       5.00000e-20
 146.1000000       5.00000e-20       5.00000e-20
 146.2000000       5.00000e-20       5.00000e-20
 146.3000000       5.00000e-20       5.00000e-20
 146.4000000       5.00052e-20       5.00052e-20
 146.5000000       5.01827e-20       5.01827e-20
 146.6000000       5.04437e-20       5.04437e-20
 146.7000000       5.07046e-20       5.07046e-20
 146.8000000       5.09656e-20       5.09656e-20
 146.9000000       5.12266e-20       5.12266e-20
 147.0000000       5.14876e-20       5.14876e-20
 147.1000000       5.17486e-20       5.17486e-20
 147.2000000       5.20095e-20       5.20095e-20
 147.3000000       5.22705e-20       5.22705e-20
 147.4000000       5.28052e-20       5.28052e-20
 147.5000000       5.39042e-20       5.39042e-20
 147.6000000       5.50203e-20       5.50203e-20
 147.7000000       5.61364e-20       5.61364e-20
 147.8000000       5.72526e-20       5.72526e-20
 147.9000000       5.83688e-20       5.83688e-20
 148.0000000       5.94853e-20       5.94853e-20
 148.1000000       6.06027e-20       6.06027e-20
 148.2000000       6.17236e-20       6.17236e-20
 148.3000000       6.28552e-20       6.28552e-20
 148.4000000       6.40197e-20       6.40197e-20
 148.5000000       6.52777e-20       6.52777e-20
 148.6000000       6.67879e-20       6.67879e-20
 148.7000000       6.89373e-20       6.89373e-20
 148.8000000       7.26117e-20       7.26117e-20
 148.9000000       7.97057e-20       7.97057e-20
 149.0000000       9.40007e-20       9.40007e-20
 149.1000000       1.22513e-19       1.22513e-19
 149.2000000       1.77299e-19       1.77299e-19
 149.3000000       2.77415e-19       2.77415e-19
 149.4000000       4.50322e-19       4.50322e-19
 149.5000000       7.31509e-19       7.31509e-19
 149.6000000       1.16090e-18       1.16090e-18
 149.7000000       1.77492e-18       1.77492e-18
 149.8000000       2.59439e-18       2.59439e-18
 149.9000000       3.61038e-18       3.61038e-18
 150.0000000       4.77244e-18       4.77244e-18
 150.1000000       5.98479e-18       5.98479e-18
 150.2000000       7.11490e-18       7.11490e-18
 150.3000000       8.01537e-18       8.01537e-18
 150.4000000       8.55497e-18       8.55497e-18
 150.5000000       8.64986e-18       8.64986e-18
 150.6000000       8.28501e-18       8.28501e-18
 150.7000000       7.51815e-18       7.51815e-18
 150.8000000       6.46479e-18       6.46479e-18
 150.9000000       5.26989e-18       5.26989e-18
 151.0000000       4.07537e-18       4.07537e-18
 151.1000000       2.99378e-18       2.99378e-18
 151.2000000       2.09406e-18       2.09406e-18
 151.3000000       1.40078e-18       1.40078e-18
 151.4000000       9.03359e-19       9.03359e-19
 151.5000000       5.69926e-19       5.69926e-19
 151.6000000       3.56711e-19       3.56711e-19
 151.7000000       2.43443e-19       2.43443e-19
 151.8000000       1.85107e-19       1.85107e-19
 151.9000000       1.59235e-19       1.59235e-19
 152.0000000       1.51652e-19       1.51652e-19
 152.1000000       1.53567e-19       1.53567e-19
 152.2000000       1.60103e-19       1.60103e-19
 152.3000000       1.68748e-19       1.68748e-19
 152.4000000       1.78298e-19       1.78298e-19
 152.5000000       1.88212e-19       1.88212e-19
 152.6000000       1.98266e-19       1.98266e-19
 152.7000000       2.08368e-19       2.08368e-19
 152.8000000       2.18488e-19       2.18488e-19
 152.9000000       2.28612e-19       2.28612e-19
 153.0000000       2.38739e-19       2.38739e-19
 153.1000000       2.48866e-19       2.48866e-19
 153.2000000       2.58992e-19       2.58992e-19
 153.3000000       2.69119e-19       2.69119e-19
 153.4000000       2.79246e-19       2.79246e-19
 153.5000000       2.89373e-19       2.89373e-19
 153.6000000       2.99500e-19       2.99500e-19
 153.7000000       3.09627e-19       3.09627e-19
 153.8000000       3.19754e-19       3.19754e-19
 153.9000000       3.29881e-19       3.29881e-19
 154.0000000       3.40008e-19       3.40008e-19
 154.1000000       3.50135e-19       3.50135e-19
 154.2000000       3.60261e-19       3.60261e-19
 154.3000000       3.70388e-19       3.70388e-19
 154.4000000       3.80515e-19       3.80515e-19
 154.5000000       3.90642e-19       3.90642e-19
 154.6000000       4.00769e-19       4.00769e-19
 154.7000000       4.10896e-19       4.10896e-19
 154.8000000       4.21023e-19       4.21023e-19
 154.9000000       4.31150e-19       4.31150e-19
 155.0000000       4.41277e-19       4.41277e-19
 155.1000000       4.51404e-19       4.51404e-19
 155.2000000       4.61530e-19       4.61530e-19
 155.3000000       4.71657e-19       4.71657e-19
 155.4000000       4.81784e-19       4.81784e-19
 155.5000000       4.91911e-19       4.91911e-19
 155.6000000       5.05845e-19       5.05845e-19
 155.7000000       5.27631e-19       5.27631e-19
 155.8000000       5.49655e-19       5.49655e-19
 155.9000000       5.71679e-19       5.71679e-19
 156.0000000       5.93702e-19       5.93702e-19
 156.1000000       6.15726e-19       6.15726e-19
 156.2000000       6.37750e-19       6.37750e-19
 156.3000000       6.59774e-19       6.59774e-19
 156.4000000       6.81788e-19       6.81788e-19
 156.5000000       7.03700e-19       7.03700e-19
 156.6000000       7.25594e-19       7.25594e-19
 156.7000000       7.47508e-19       7.47508e-19
 156.8000000       7.69474e-19       7.69474e-19
 156.9000000       7.91561e-19       7.91561e-19
 157.0000000       8.13915e-19       8.13915e-19
 157.1000000       8.36828e-19       8.36828e-19
 157.2000000       8.60829e-19       8.60829e-19
 157.3000000       8.87028e-19       8.87028e-19
 157.4000000       9.17155e-19       9.17155e-19
 157.5000000       9.52564e-19       9.52564e-19
 157.6000000       9.95801e-19       9.95801e-19
 157.7000000       1.04957e-18       1.04957e-18
 157.8000000       1.11618e-18       1.11618e-18
 157.9000000       1.19661e-18       1.19661e-18
 158.0000000       1.29300e-18       1.29300e-18
 158.1000000       1.39760e-18       1.39760e-18
 158.2000000       1.50544e-18       1.50544e-18
 158.3000000       1.60622e-18       1.60622e-18
 158.4000000       1.68979e-18       1.68979e-18
 158.5000000       1.74795e-18       1.74795e-18
 158.6000000       1.77606e-18       1.77606e-18
 158.7000000       1.77433e-18       1.77433e-18
 158.8000000       1.74773e-18       1.74773e-18
 158.9000000       1.70470e-18       1.70470e-18
 159.0000000       1.65512e-18       1.65512e-18
 159.1000000       1.60862e-18       1.60862e-18
 159.2000000       1.57106e-18       1.57106e-18
 159.3000000       1.54591e-18       1.54591e-18
 159.4000000       1.53355e-18       1.53355e-18
 159.5000000       1.53227e-18       1.53227e-18
 159.6000000       1.53934e-18       1.53934e-18
 159.7000000       1.55199e-18       1.55199e-18
 159.8000000       1.56803e-18       1.56803e-18
 159.9000000       1.58636e-18       1.58636e-18
 160.0000000       1.60654e-18       1.60654e-18
 160.1000000       1.62779e-18       1.62779e-18
 160.2000000       2.00162e-18       2.00162e-18
 160.3000000       3.39547e-18       3.39547e-18
 160.4000000       4.85495e-18       4.85495e-18
 160.5000000       4.20214e-18       4.20214e-18
 160.6000000       3.86447e-18       3.86447e-18
 160.7000000       3.68590e-18       3.68590e-18
 160.8000000       4.47005e-18       4.47005e-18
 160.9000000       6.26253e-18       6.26253e-18
 161.0000000       4.11542e-18       4.11542e-18
 161.1000000       1.35885e-18       1.35885e-18
 161.2000000       7.71335e-19       7.71335e-19
 161.3000000       1.18428e-18       1.18428e-18
 161.4000000       3.00880e-18       3.00880e-18
 161.5000000       7.47582e-19       7.47582e-19
 161.6000000       7.83521e-19       7.83521e-19
 161.7000000       5.32113e-19       5.32113e-19
 161.8000000       4.20500e-19       4.20500e-19
 161.9000000       6.17000e-19       6.17000e-19
 162.0000000       8.13500e-19       8.13500e-19
 162.1000000       1.03648e-18       1.03648e-18
 162.2000000       1.43467e-18       1.43467e-18
 162.3000000       2.30652e-18       2.30652e-18
 162.4000000       4.04588e-18       4.04588e-18
 162.5000000       8.50588e-18       8.50588e-18
 162.6000000       1.99305e-17       1.99305e-17
 162.7000000       1.30156e-17       1.30156e-17
 162.8000000       6.62850e-18       6.62850e-18
 162.9000000       6.07000e-18       6.07000e-18
 163.0000000       1.10489e-18       1.10489e-18
 163.1000000       3.16431e-19       3.16431e-19
 163.2000000       1.60163e-19       1.60163e-19
 163.3000000       3.50273e-19       3.50273e-19
 163.4000000       5.95727e-19       5.95727e-19
 163.5000000       8.40077e-19       8.40077e-19
 163.6000000       1.07332e-18       1.07332e-18
 163.7000000       1.28696e-18       1.28696e-18
 163.8000000       1.50217e-18       1.50217e-18
 163.9000000       1.73043e-18       1.73043e-18
 164.0000000       1.96679e-18       1.96679e-18
 164.1000000       2.39842e-18       2.39842e-18
 164.2000000       2.97830e-18       2.97830e-18
 164.3000000       4.41865e-18       4.41865e-18
 164.4000000       7.94360e-18       7.94360e-18
 164.5000000       1.65960e-17       1.65960e-17
 164.6000000       3.27657e-17       3.27657e-17
 164.7000000       2.82033e-17       2.82033e-17
 164.8000000       1.42608e-17       1.42608e-17
 164.9000000       5.52304e-18       5.52304e-18
 165.0000000       1.61526e-18       1.61526e-18
 165.1000000       9.69622e-19       9.69622e-19
 165.2000000       4.07438e-19       4.07438e-19
 165.3000000       5.08817e-20       5.08817e-20
 165.4000000       8.49347e-20       8.49347e-20
 165.5000000       1.67273e-19       1.67273e-19
 165.6000000       2.59091e-19       2.59091e-19
 165.7000000       4.21897e-19       4.21897e-19
 165.8000000       7.47542e-19       7.47542e-19
 165.9000000       1.12103e-18       1.12103e-18
 166.0000000       1.47463e-18       1.47463e-18
 166.1000000       1.65725e-18       1.65725e-18
 166.2000000       1.36084e-18       1.36084e-18
 166.3000000       2.68977e-18       2.68977e-18
 166.4000000       8.79836e-18       8.79836e-18
 166.5000000       7.52615e-18       7.52615e-18
 166.6000000       1.58056e-18       1.58056e-18
 166.7000000       8.72926e-19       8.72926e-19
 166.8000000       1.14502e-18       1.14502e-18
 166.9000000       1.81549e-18       1.81549e-18
 167.0000000       1.91207e-18       1.91207e-18
 167.1000000       2.24074e-18       2.24074e-18
 167.2000000       3.64762e-18       3.64762e-18
 167.3000000       7.28714e-18       7.28714e-18
 167.4000000       1.78972e-17       1.78972e-17
 167.5000000       6.79795e-17       6.79795e-17
 167.6000000       1.08915e-16       1.08915e-16
 167.7000000       2.55717e-17       2.55717e-17
 167.8000000       8.68113e-18       8.68113e-18
 167.9000000       4.64511e-18       4.64511e-18
 168.0000000       3.28527e-18       3.28527e-18
 168.1000000       2.38872e-18       2.38872e-18
 168.2000000       1.80135e-18       1.80135e-18
 168.3000000       1.48049e-18       1.48049e-18
 168.4000000       1.21739e-18       1.21739e-18
 168.5000000       1.01514e-18       1.01514e-18
 168.6000000       8.39451e-19       8.39451e-19
 168.7000000       5.60514e-19       5.60514e-19
 168.8000000       4.73655e-19       4.73655e-19
 168.9000000       5.74877e-19       5.74877e-19
 169.0000000       1.28257e-18       1.28257e-18
 169.1000000       2.78541e-18       2.78541e-18
 169.2000000       8.67843e-19       8.67843e-19
 169.3000000       1.07714e-19       1.07714e-19
 169.4000000       8.05583e-20       8.05583e-20
 169.5000000       5.95057e-20       5.95057e-20
 169.6000000       5.33497e-20       5.33497e-20
 169.7000000       1.59198e-19       1.59198e-19
 169.8000000       3.78661e-19       3.78661e-19
 169.9000000       6.13708e-19       6.13708e-19
 170.0000000       9.67967e-19       9.67967e-19
 170.1000000       1.56868e-18       1.56868e-18
 170.2000000       2.48004e-18       2.48004e-18
 170.3000000       4.30305e-18       4.30305e-18
 170.4000000       8.04545e-18       8.04545e-18
 170.5000000       1.77457e-17       1.77457e-17
 170.6000000       5.49851e-17       5.49851e-17
 170.7000000       1.18399e-16       1.18399e-16
 170.8000000       5.45160e-17       5.45160e-17
 170.9000000       1.76590e-17       1.76590e-17
 171.0000000       7.33369e-18       7.33369e-18
 171.1000000       3.63731e-18       3.63731e-18
 171.2000000       2.06250e-18       2.06250e-18
 171.3000000       1.19575e-18       1.19575e-18
 171.4000000       6.91450e-19       6.91450e-19
 171.5000000       3.93813e-19       3.93813e-19
 171.6000000       2.03538e-19       2.03538e-19
 171.7000000       1.71350e-18       1.71350e-18
 171.8000000       3.32362e-19       3.32362e-19
 171.9000000       1.30880e-19       1.30880e-19
 172.0000000       1.24480e-19       1.24480e-19
 172.1000000       2.58688e-19       2.58688e-19
 172.2000000       1.08789e-18       1.08789e-18
 172.3000000       2.52700e-18       2.52700e-18
 172.4000000       1.33503e-18       1.33503e-18
 172.5000000       4.82693e-19       4.82693e-19
 172.6000000       1.94204e-19       1.94204e-19
 172.7000000       1.77878e-19       1.77878e-19
 172.8000000       1.61551e-19       1.61551e-19
 172.9000000       1.45224e-19       1.45224e-19
 173.0000000       1.33883e-19       1.33883e-19
 173.1000000       2.87059e-19       2.87059e-19
 173.2000000       5.39805e-19       5.39805e-19
 173.3000000       9.59049e-19       9.59049e-19
 173.4000000       1.63971e-18       1.63971e-18
 173.5000000       2.95514e-18       2.95514e-18
 173.6000000       6.05602e-18       6.05602e-18
 173.7000000       1.44331e-17       1.44331e-17
 173.8000000       4.72325e-17       4.72325e-17
 173.9000000       1.20069e-16       1.20069e-16
 174.0000000       5.39913e-17       5.39913e-17
 174.1000000       1.83969e-17       1.83969e-17
 174.2000000       8.97909e-18       8.97909e-18
 174.3000000       4.70971e-18       4.70971e-18
 174.4000000       2.88191e-18       2.88191e-18
 174.5000000       1.88244e-18       1.88244e-18
 174.6000000       1.41588e-18       1.41588e-18
 174.7000000       1.12728e-18       1.12728e-18
 174.8000000       8.32824e-19       8.32824e-19
 174.9000000       5.67368e-19       5.67368e-19
 175.0000000       4.29417e-19       4.29417e-19
 175.1000000       3.06083e-19       3.06083e-19
 175.2000000       2.10250e-19       2.10250e-19
 175.3000000       1.37069e-19       1.37069e-19
 175.4000000       1.21566e-19       1.21566e-19
 175.5000000       1.19774e-19       1.19774e-19
 175.6000000       1.17981e-19       1.17981e-19
 175.7000000       1.16189e-19       1.16189e-19
 175.8000000       1.14396e-19       1.14396e-19
 175.9000000       1.12604e-19       1.12604e-19
 176.0000000       1.10811e-19       1.10811e-19
 176.1000000       1.09019e-19       1.09019e-19
 176.2000000       1.07226e-19       1.07226e-19
 176.3000000       1.05434e-19       1.05434e-19
 176.4000000       1.07919e-19       1.07919e-19
 176.5000000       1.24486e-19       1.24486e-19
 176.6000000       1.42200e-19       1.42200e-19
 176.7000000       1.59914e-19       1.59914e-19
 176.8000000       1.77629e-19       1.77629e-19
 176.9000000       1.95343e-19       1.95343e-19
 177.0000000       2.13057e-19       2.13057e-19
 177.1000000       2.59279e-19       2.59279e-19
 177.2000000       4.22696e-19       4.22696e-19
 177.3000000       6.14529e-19       6.14529e-19
 177.4000000       1.07500e-18       1.07500e-18
 177.5000000       2.23722e-18       2.23722e-18
 177.6000000       6.43240e-18       6.43240e-18
 177.7000000       3.69150e-17       3.69150e-17
 177.8000000       6.26475e-17       6.26475e-17
 177.9000000       1.37585e-17       1.37585e-17
 178.0000000       5.03700e-18       5.03700e-18
 178.1000000       2.53014e-18       2.53014e-18
 178.2000000       1.66826e-18       1.66826e-18
 178.3000000       1.22243e-18       1.22243e-18
 178.4000000       1.00508e-18       1.00508e-18
 178.5000000       8.09692e-19       8.09692e-19
 178.6000000       6.98208e-19       6.98208e-19
 178.7000000       6.68891e-19       6.68891e-19
 178.8000000       6.39527e-19       6.39527e-19
 178.9000000       6.10164e-19       6.10164e-19
 179.0000000       5.80800e-19       5.80800e-19
 179.1000000       5.51436e-19       5.51436e-19
 179.2000000       5.22073e-19       5.22073e-19
 179.3000000       4.92709e-19       4.92709e-19
 179.4000000       4.63345e-19       4.63345e-19
 179.5000000       4.33982e-19       4.33982e-19
 179.6000000       4.04618e-19       4.04618e-19
 179.7000000       3.87119e-19       3.87119e-19
 179.8000000       3.91793e-19       3.91793e-19
 179.9000000       3.97018e-19       3.97018e-19
 180.0000000       4.02243e-19       4.02243e-19
 180.1000000       4.07468e-19       4.07468e-19
 180.2000000       4.12694e-19       4.12694e-19
 180.3000000       4.17919e-19       4.17919e-19
 180.4000000       4.23144e-19       4.23144e-19
 180.5000000       4.28369e-19       4.28369e-19
 180.6000000       4.33595e-19       4.33595e-19
 180.7000000       4.38820e-19       4.38820e-19
 180.8000000       4.45836e-19       4.45836e-19
 180.9000000       4.58796e-19       4.58796e-19
 181.0000000       4.72248e-19       4.72248e-19
 181.1000000       4.85699e-19       4.85699e-19
 181.2000000       4.99150e-19       4.99150e-19
 181.3000000       5.12602e-19       5.12602e-19
 181.4000000       5.26053e-19       5.26053e-19
 181.5000000       5.39504e-19       5.39504e-19
 181.6000000       5.52956e-19       5.52956e-19
 181.7000000       5.66407e-19       5.66407e-19
 181.8000000       5.79858e-19       5.79858e-19
 181.9000000       5.93510e-19       5.93510e-19
 182.0000000       6.08687e-19       6.08687e-19
 182.1000000       6.23955e-19       6.23955e-19
 182.2000000       6.39223e-19       6.39223e-19
 182.3000000       6.54491e-19       6.54491e-19
 182.4000000       6.69759e-19       6.69759e-19
 182.5000000       6.85027e-19       6.85027e-19
 182.6000000       7.00295e-19       7.00295e-19
 182.7000000       7.15562e-19       7.15562e-19
 182.8000000       7.30830e-19       7.30830e-19
 182.9000000       7.46098e-19       7.46098e-19
 183.0000000       7.61366e-19       7.61366e-19
 183.1000000       7.78950e-19       7.78950e-19
 183.2000000       8.01111e-19       8.01111e-19
 183.3000000       8.23333e-19       8.23333e-19
 183.4000000       8.45556e-19       8.45556e-19
 183.5000000       8.67778e-19       8.67778e-19
 183.6000000       8.90000e-19       8.90000e-19
 183.7000000       9.12222e-19       9.12222e-19
 183.8000000       9.34444e-19       9.34444e-19
 183.9000000       9.56667e-19       9.56667e-19
 184.0000000       9.78889e-19       9.78889e-19
 184.1000000       1.00111e-18       1.00111e-18
 184.2000000       1.02304e-18       1.02304e-18
 184.3000000       1.04846e-18       1.04846e-18
 184.4000000       1.07923e-18       1.07923e-18
 184.5000000       1.11000e-18       1.11000e-18
 184.6000000       1.14077e-18       1.14077e-18
 184.7000000       1.17154e-18       1.17154e-18
 184.8000000       1.20231e-18       1.20231e-18
 184.9000000       1.23308e-18       1.23308e-18
 185.0000000       1.26385e-18       1.26385e-18
 185.1000000       1.29462e-18       1.29462e-18
 185.2000000       1.32538e-18       1.32538e-18
 185.3000000       1.35615e-18       1.35615e-18
 185.4000000       1.38576e-18       1.38576e-18
 185.5000000       1.41305e-18       1.41305e-18
 185.6000000       1.44186e-18       1.44186e-18
 185.7000000       1.47068e-18       1.47068e-18
 185.8000000       1.49949e-18       1.49949e-18
 185.9000000       1.52831e-18       1.52831e-18
 186.0000000       1.55712e-18       1.55712e-18
 186.1000000       1.58593e-18       1.58593e-18
 186.2000000       1.61475e-18       1.61475e-18
 186.3000000       1.64356e-18       1.64356e-18
 186.4000000       1.67237e-18       1.67237e-18
 186.5000000       1.70119e-18       1.70119e-18
 186.6000000       1.73136e-18       1.73136e-18
 186.7000000       1.76967e-18       1.76967e-18
 186.8000000       1.80934e-18       1.80934e-18
 186.9000000       1.84901e-18       1.84901e-18
 187.0000000       1.88868e-18       1.88868e-18
 187.1000000       1.92835e-18       1.92835e-18
 187.2000000       1.96802e-18       1.96802e-18
 187.3000000       2.00769e-18       2.00769e-18
 187.4000000       2.04736e-18       2.04736e-18
 187.5000000       2.08702e-18       2.08702e-18
 187.6000000       2.12669e-18       2.12669e-18
 187.7000000       2.16636e-18       2.16636e-18
 187.8000000       2.20699e-18       2.20699e-18
 187.9000000       2.25648e-18       2.25648e-18
 188.0000000       2.30811e-18       2.30811e-18
 188.1000000       2.35975e-18       2.35975e-18
 188.2000000       2.41139e-18       2.41139e-18
 188.3000000       2.46303e-18       2.46303e-18
 188.4000000       2.51467e-18       2.51467e-18
 188.5000000       2.56631e-18       2.56631e-18
 188.6000000       2.61795e-18       2.61795e-18
 188.7000000       2.66959e-18       2.66959e-18
 188.8000000       2.72123e-18       2.72123e-18
 188.9000000       2.77287e-18       2.77287e-18
 189.0000000       2.82430e-18       2.82430e-18
 189.1000000       2.86879e-18       2.86879e-18
 189.2000000       2.90992e-18       2.90992e-18
 189.3000000       2.95105e-18       2.95105e-18
 189.4000000       2.99218e-18       2.99218e-18
 189.5000000       3.03331e-18       3.03331e-18
 189.6000000       3.07444e-18       3.07444e-18
 189.7000000       3.11556e-18       3.11556e-18
 189.8000000       3.15669e-18       3.15669e-18
 189.9000000       3.19782e-18       3.19782e-18
 190.0000000       3.23895e-18       3.23895e-18
 190.1000000       3.28008e-18       3.28008e-18
 190.2000000       3.32121e-18       3.32121e-18
 190.3000000       3.36721e-18       3.36721e-18
 190.4000000       3.42325e-18       3.42325e-18
 190.5000000       3.47960e-18       3.47960e-18
 190.6000000       3.53595e-18       3.53595e-18
 190.7000000       3.59230e-18       3.59230e-18
 190.8000000       3.64865e-18       3.64865e-18
 190.9000000       3.70500e-18       3.70500e-18
 191.0000000       3.76135e-18       3.76135e-18
 191.1000000       3.81770e-18       3.81770e-18
 191.2000000       3.87405e-18       3.87405e-18
 191.3000000       3.93040e-18       3.93040e-18
 191.4000000       3.98675e-18       3.98675e-18
 191.5000000       4.04339e-18       4.04339e-18
 191.6000000       4.10961e-18       4.10961e-18
 191.7000000       4.18047e-18       4.18047e-18
 191.8000000       4.25134e-18       4.25134e-18
 191.9000000       4.32220e-18       4.32220e-18
 192.0000000       4.39307e-18       4.39307e-18
 192.1000000       4.46394e-18       4.46394e-18
 192.2000000       4.53480e-18       4.53480e-18
 192.3000000       4.60567e-18       4.60567e-18
 192.4000000       4.67654e-18       4.67654e-18
 192.5000000       4.74740e-18       4.74740e-18
 192.6000000       4.81827e-18       4.81827e-18
 192.7000000       4.88913e-18       4.88913e-18
 192.8000000       4.95628e-18       4.95628e-18
 192.9000000       5.00109e-18       5.00109e-18
 193.0000000       5.04217e-18       5.04217e-18
 193.1000000       5.08326e-18       5.08326e-18
 193.2000000       5.12434e-18       5.12434e-18
 193.3000000       5.16543e-18       5.16543e-18
 193.4000000       5.20651e-18       5.20651e-18
 193.5000000       5.24760e-18       5.24760e-18
 193.6000000       5.28868e-18       5.28868e-18
 193.7000000       5.32977e-18       5.32977e-18
 193.8000000       5.37085e-18       5.37085e-18
 193.9000000       5.41194e-18       5.41194e-18
 194.0000000       5.45302e-18       5.45302e-18
 194.1000000       5.49606e-18       5.49606e-18
 194.2000000       5.54710e-18       5.54710e-18
 194.3000000       5.59901e-18       5.59901e-18
 194.4000000       5.65092e-18       5.65092e-18
 194.5000000       5.70282e-18       5.70282e-18
 194.6000000       5.75473e-18       5.75473e-18
 194.7000000       5.80664e-18       5.80664e-18
 194.8000000       5.85855e-18       5.85855e-18
 194.9000000       5.91046e-18       5.91046e-18
 195.0000000       5.96237e-18       5.96237e-18
 195.1000000       6.01427e-18       6.01427e-18
 195.2000000       6.06618e-18       6.06618e-18
 195.3000000       6.11809e-18       6.11809e-18
 195.4000000       6.17213e-18       6.17213e-18
 195.5000000       6.23894e-18       6.23894e-18
 195.6000000       6.30788e-18       6.30788e-18
 195.7000000       6.37682e-18       6.37682e-18
 195.8000000       6.44576e-18       6.44576e-18
 195.9000000       6.51470e-18       6.51470e-18
 196.0000000       6.58364e-18       6.58364e-18
 196.1000000       6.65258e-18       6.65258e-18
 196.2000000       6.72152e-18       6.72152e-18
 196.3000000       6.79045e-18       6.79045e-18
 196.4000000       6.85939e-18       6.85939e-18
 196.5000000       6.92833e-18       6.92833e-18
 196.6000000       6.99727e-18       6.99727e-18
 196.7000000       7.06368e-18       7.06368e-18
 196.8000000       7.09007e-18       7.09007e-18
 196.9000000       7.10267e-18       7.10267e-18
 197.0000000       7.11526e-18       7.11526e-18
 197.1000000       7.12785e-18       7.12785e-18
 197.2000000       7.14044e-18       7.14044e-18
 197.3000000       7.15304e-18       7.15304e-18
 197.4000000       7.16563e-18       7.16563e-18
 197.5000000       7.17822e-18       7.17822e-18
 197.6000000       7.19081e-18       7.19081e-18
 197.7000000       7.20341e-18       7.20341e-18
 197.8000000       7.21600e-18       7.21600e-18
 197.9000000       7.22859e-18       7.22859e-18
 198.0000000       7.24119e-18       7.24119e-18
 198.1000000       7.25045e-18       7.25045e-18
 198.2000000       7.25287e-18       7.25287e-18
 198.3000000       7.25507e-18       7.25507e-18
 198.4000000       7.25728e-18       7.25728e-18
 198.5000000       7.25949e-18       7.25949e-18
 198.6000000       7.26169e-18       7.26169e-18
 198.7000000       7.26390e-18       7.26390e-18
 198.8000000       7.26610e-18       7.26610e-18
 198.9000000       7.26831e-18       7.26831e-18
 199.0000000       7.27051e-18       7.27051e-18
 199.1000000       7.27272e-18       7.27272e-18
 199.2000000       7.27493e-18       7.27493e-18
 199.3000000       7.27713e-18       7.27713e-18
 199.4000000       7.27984e-18       7.27984e-18
 199.5000000       7.29928e-18       7.29928e-18
 199.6000000       7.32681e-18       7.32681e-18
 199.7000000       7.35435e-18       7.35435e-18
 199.8000000       7.38188e-18       7.38188e-18
 199.9000000       7.40942e-18       7.40942e-18
 200.0000000       7.43696e-18       7.43696e-18
 200.1000000       7.46449e-18       7.46449e-18
 200.2000000       7.49203e-18       7.49203e-18
 200.3000000       7.51957e-18       7.51957e-18
 200.4000000       7.54710e-18       7.54710e-18
 200.5000000       7.57464e-18       7.57464e-18
 200.6000000       7.60217e-18       7.60217e-18
 200.7000000       7.62971e-18       7.62971e-18
 200.8000000       7.65150e-18       7.65150e-18
 200.9000000       7.62014e-18       7.62014e-18
 201.0000000       7.57586e-18       7.57586e-18
 201.1000000       7.53157e-18       7.53157e-18
 201.2000000       7.48729e-18       7.48729e-18
 201.3000000       7.44300e-18       7.44300e-18
 201.4000000       7.39871e-18       7.39871e-18
 201.5000000       7.35443e-18       7.35443e-18
 201.6000000       7.31014e-18       7.31014e-18
 201.7000000       7.26586e-18       7.26586e-18
 201.8000000       7.22157e-18       7.22157e-18
 201.9000000       7.17729e-18       7.17729e-18
 202.0000000       7.13300e-18       7.13300e-18
 202.1000000       7.08871e-18       7.08871e-18
 202.2000000       7.04138e-18       7.04138e-18
 202.3000000       6.96585e-18       6.96585e-18
 202.4000000       6.88345e-18       6.88345e-18
 202.5000000       6.80106e-18       6.80106e-18
 202.6000000       6.71866e-18       6.71866e-18
 202.7000000       6.63627e-18       6.63627e-18
 202.8000000       6.55387e-18       6.55387e-18
 202.9000000       6.47148e-18       6.47148e-18
 203.0000000       6.38908e-18       6.38908e-18
 203.1000000       6.30669e-18       6.30669e-18
 203.2000000       6.22430e-18       6.22430e-18
 203.3000000       6.14190e-18       6.14190e-18
 203.4000000       6.05951e-18       6.05951e-18
 203.5000000       5.97711e-18       5.97711e-18
 203.6000000       5.89551e-18       5.89551e-18
 203.7000000       5.83986e-18       5.83986e-18
 203.8000000       5.79681e-18       5.79681e-18
 203.9000000       5.75375e-18       5.75375e-18
 204.0000000       5.71069e-18       5.71069e-18
 204.1000000       5.66764e-18       5.66764e-18
 204.2000000       5.62458e-18       5.62458e-18
 204.3000000       5.58153e-18       5.58153e-18
 204.4000000       5.53847e-18       5.53847e-18
 204.5000000       5.49542e-18       5.49542e-18
 204.6000000       5.45236e-18       5.45236e-18
 204.7000000       5.40931e-18       5.40931e-18
 204.8000000       5.36625e-18       5.36625e-18
 204.9000000       5.32319e-18       5.32319e-18
 205.0000000       5.28014e-18       5.28014e-18
 205.1000000       5.23114e-18       5.23114e-18
 205.2000000       5.16986e-18       5.16986e-18
 205.3000000       5.10822e-18       5.10822e-18
 205.4000000       5.04658e-18       5.04658e-18
 205.5000000       4.98493e-18       4.98493e-18
 205.6000000       4.92329e-18       4.92329e-18
 205.7000000       4.86164e-18       4.86164e-18
 205.8000000       4.80000e-18       4.80000e-18
 205.9000000       4.73836e-18       4.73836e-18
 206.0000000       4.67671e-18       4.67671e-18
 206.1000000       4.61507e-18       4.61507e-18
 206.2000000       4.55342e-18       4.55342e-18
 206.3000000       4.49178e-18       4.49178e-18
 206.4000000       4.43014e-18       4.43014e-18
 206.5000000       4.36793e-18       4.36793e-18
 206.6000000       4.28709e-18       4.28709e-18
 206.7000000       4.19723e-18       4.19723e-18
 206.8000000       4.10736e-18       4.10736e-18
 206.9000000       4.01750e-18       4.01750e-18
 207.0000000       3.92764e-18       3.92764e-18
 207.1000000       3.83777e-18       3.83777e-18
 207.2000000       3.74791e-18       3.74791e-18
 207.3000000       3.65804e-18       3.65804e-18
 207.4000000       3.56818e-18       3.56818e-18
 207.5000000       3.47831e-18       3.47831e-18
 207.6000000       3.38845e-18       3.38845e-18
 207.7000000       3.29858e-18       3.29858e-18
 207.8000000       3.20872e-18       3.20872e-18
 207.9000000       3.11885e-18       3.11885e-18
 208.0000000       3.03175e-18       3.03175e-18
 208.1000000       2.97020e-18       2.97020e-18
 208.2000000       2.91487e-18       2.91487e-18
 208.3000000       2.85953e-18       2.85953e-18
 208.4000000       2.80420e-18       2.80420e-18
 208.5000000       2.74887e-18       2.74887e-18
 208.6000000       2.69353e-18       2.69353e-18
 208.7000000       2.63820e-18       2.63820e-18
 208.8000000       2.58287e-18       2.58287e-18
 208.9000000       2.52753e-18       2.52753e-18
 209.0000000       2.47220e-18       2.47220e-18
 209.1000000       2.41687e-18       2.41687e-18
 209.2000000       2.36153e-18       2.36153e-18
 209.3000000       2.30620e-18       2.30620e-18
 209.4000000       2.25087e-18       2.25087e-18
 209.5000000       2.19754e-18       2.19754e-18
 209.6000000       2.16276e-18       2.16276e-18
 209.7000000       2.13250e-18       2.13250e-18
 209.8000000       2.10224e-18       2.10224e-18
 209.9000000       2.07197e-18       2.07197e-18
 210.0000000       2.04171e-18       2.04171e-18
 210.1000000       2.01145e-18       2.01145e-18
 210.2000000       1.98118e-18       1.98118e-18
 210.3000000       1.95092e-18       1.95092e-18
 210.4000000       1.92066e-18       1.92066e-18
 210.5000000       1.89039e-18       1.89039e-18
 210.6000000       1.86013e-18       1.86013e-18
 210.7000000       1.82987e-18       1.82987e-18
 210.8000000       1.79961e-18       1.79961e-18
 210.9000000       1.76934e-18       1.76934e-18
 211.0000000       1.73901e-18       1.73901e-18
 211.1000000       1.70652e-18       1.70652e-18
 211.2000000       1.67297e-18       1.67297e-18
 211.3000000       1.63942e-18       1.63942e-18
 211.4000000       1.60587e-18       1.60587e-18
 211.5000000       1.57232e-18       1.57232e-18
 211.6000000       1.53877e-18       1.53877e-18
 211.7000000       1.50523e-18       1.50523e-18
 211.8000000       1.47168e-18       1.47168e-18
 211.9000000       1.43813e-18       1.43813e-18
 212.0000000       1.40458e-18       1.40458e-18
 212.1000000       1.37103e-18       1.37103e-18
 212.2000000       1.33748e-18       1.33748e-18
 212.3000000       1.30394e-18       1.30394e-18
 212.4000000       1.27039e-18       1.27039e-18
 212.5000000       1.23684e-18       1.23684e-18
 212.6000000       1.20408e-18       1.20408e-18
 212.7000000       1.17362e-18       1.17362e-18
 212.8000000       1.14330e-18       1.14330e-18
 212.9000000       1.11298e-18       1.11298e-18
 213.0000000       1.08266e-18       1.08266e-18
 213.1000000       1.05234e-18       1.05234e-18
 213.2000000       1.02203e-18       1.02203e-18
 213.3000000       9.91707e-19       9.91707e-19
 213.4000000       9.61389e-19       9.61389e-19
 213.5000000       9.31070e-19       9.31070e-19
 213.6000000       9.00752e-19       9.00752e-19
 213.7000000       8.70433e-19       8.70433e-19
 213.8000000       8.40115e-19       8.40115e-19
 213.9000000       8.09796e-19       8.09796e-19
 214.0000000       7.79478e-19       7.79478e-19
 214.1000000       7.49159e-19       7.49159e-19
 214.2000000       7.26767e-19       7.26767e-19
 214.3000000       7.12302e-19       7.12302e-19
 214.4000000       6.97836e-19       6.97836e-19
 214.5000000       6.83371e-19       6.83371e-19
 214.6000000       6.68906e-19       6.68906e-19
 214.7000000       6.54440e-19       6.54440e-19
 214.8000000       6.39975e-19       6.39975e-19
 214.9000000       6.25509e-19       6.25509e-19
 215.0000000       6.11044e-19       6.11044e-19
 215.1000000       5.96579e-19       5.96579e-19
 215.2000000       5.82113e-19       5.82113e-19
 215.3000000       5.67648e-19       5.67648e-19
 215.4000000       5.53182e-19       5.53182e-19
 215.5000000       5.38717e-19       5.38717e-19
 215.6000000       5.24252e-19       5.24252e-19
 215.7000000       5.09821e-19       5.09821e-19
 215.8000000       4.99444e-19       4.99444e-19
 215.9000000       4.91852e-19       4.91852e-19
 216.0000000       4.84259e-19       4.84259e-19
 216.1000000       4.76667e-19       4.76667e-19
 216.2000000       4.69074e-19       4.69074e-19
 216.3000000       4.61481e-19       4.61481e-19
 216.4000000       4.53889e-19       4.53889e-19
 216.5000000       4.46296e-19       4.46296e-19
 216.6000000       4.38704e-19       4.38704e-19
 216.7000000       4.31111e-19       4.31111e-19
 216.8000000       4.23519e-19       4.23519e-19
 216.9000000       4.15926e-19       4.15926e-19
 217.0000000       4.08333e-19       4.08333e-19
 217.1000000       4.00741e-19       4.00741e-19
 217.2000000       3.93148e-19       3.93148e-19
 217.3000000       3.85556e-19       3.85556e-19
 217.4000000       3.78025e-19       3.78025e-19
 217.5000000       3.70585e-19       3.70585e-19
 217.6000000       3.63146e-19       3.63146e-19
 217.7000000       3.55707e-19       3.55707e-19
 217.8000000       3.48268e-19       3.48268e-19
 217.9000000       3.40829e-19       3.40829e-19
 218.0000000       3.33390e-19       3.33390e-19
 218.1000000       3.25951e-19       3.25951e-19
 218.2000000       3.18512e-19       3.18512e-19
 218.3000000       3.11073e-19       3.11073e-19
 218.4000000       3.03634e-19       3.03634e-19
 218.5000000       2.96195e-19       2.96195e-19
 218.6000000       2.88756e-19       2.88756e-19
 218.7000000       2.81317e-19       2.81317e-19
 218.8000000       2.73878e-19       2.73878e-19
 218.9000000       2.66439e-19       2.66439e-19
 219.0000000       2.59084e-19       2.59084e-19
 219.1000000       2.52234e-19       2.52234e-19
 219.2000000       2.45467e-19       2.45467e-19
 219.3000000       2.38701e-19       2.38701e-19
 219.4000000       2.31934e-19       2.31934e-19
 219.5000000       2.25168e-19       2.25168e-19
 219.6000000       2.18401e-19       2.18401e-19
 219.7000000       2.11635e-19       2.11635e-19
 219.8000000       2.04868e-19       2.04868e-19
 219.9000000       1.98102e-19       1.98102e-19
 220.0000000       1.91335e-19       1.91335e-19
 220.1000000       1.84569e-19       1.84569e-19
 220.2000000       1.77802e-19       1.77802e-19
 220.3000000       1.71036e-19       1.71036e-19
 220.4000000       1.64269e-19       1.64269e-19
 220.5000000       1.57503e-19       1.57503e-19
 220.6000000       1.50737e-19       1.50737e-19
 220.7000000       1.45094e-19       1.45094e-19
 220.8000000       1.41769e-19       1.41769e-19
 220.9000000       1.38515e-19       1.38515e-19
 221.0000000       1.35260e-19       1.35260e-19
 221.1000000       1.32006e-19       1.32006e-19
 221.2000000       1.28751e-19       1.28751e-19
 221.3000000       1.25497e-19       1.25497e-19
 221.4000000       1.22243e-19       1.22243e-19
 221.5000000       1.18988e-19       1.18988e-19
 221.6000000       1.15734e-19       1.15734e-19
 221.7000000       1.12479e-19       1.12479e-19
 221.8000000       1.09225e-19       1.09225e-19
 221.9000000       1.05970e-19       1.05970e-19
 222.0000000       1.02716e-19       1.02716e-19
 222.1000000       9.94615e-20       9.94615e-20
 222.2000000       9.62071e-20       9.62071e-20
 222.3000000       9.29527e-20       9.29527e-20
 222.4000000       9.04276e-20       9.04276e-20
 222.5000000       8.89651e-20       8.89651e-20
 222.6000000       8.75116e-20       8.75116e-20
 222.7000000       8.60581e-20       8.60581e-20
 222.8000000       8.46047e-20       8.46047e-20
 222.9000000       8.31512e-20       8.31512e-20
 223.0000000       8.16977e-20       8.16977e-20
 223.1000000       8.02442e-20       8.02442e-20
 223.2000000       7.87907e-20       7.87907e-20
 223.3000000       7.73372e-20       7.73372e-20
 223.4000000       7.58837e-20       7.58837e-20
 223.5000000       7.44302e-20       7.44302e-20
 223.6000000       7.29767e-20       7.29767e-20
 223.7000000       7.15233e-20       7.15233e-20
 223.8000000       7.00698e-20       7.00698e-20
 223.9000000       6.86163e-20       6.86163e-20
 224.0000000       6.71628e-20       6.71628e-20
 224.1000000       6.58021e-20       6.58021e-20
 224.2000000       6.47103e-20       6.47103e-20
 224.3000000       6.36356e-20       6.36356e-20
 224.4000000       6.25609e-20       6.25609e-20
 224.5000000       6.14862e-20       6.14862e-20
 224.6000000       6.04115e-20       6.04115e-20
 224.7000000       5.93368e-20       5.93368e-20
 224.8000000       5.82621e-20       5.82621e-20
 224.9000000       5.71874e-20       5.71874e-20
 225.0000000       5.61126e-20       5.61126e-20
 225.1000000       5.50379e-20       5.50379e-20
 225.2000000       5.39632e-20       5.39632e-20
 225.3000000       5.28885e-20       5.28885e-20
 225.4000000       5.18138e-20       5.18138e-20
 225.5000000       5.07391e-20       5.07391e-20
 225.6000000       4.96644e-20       4.96644e-20
 225.7000000       4.85897e-20       4.85897e-20
 225.8000000       4.75094e-20       4.75094e-20
 225.9000000       4.63418e-20       4.63418e-20
 226.0000000       4.51441e-20       4.51441e-20
 226.1000000       4.39463e-20       4.39463e-20
 226.2000000       4.27486e-20       4.27486e-20
 226.3000000       4.15508e-20       4.15508e-20
 226.4000000       4.03531e-20       4.03531e-20
 226.5000000       3.91554e-20       3.91554e-20
 226.6000000       3.79576e-20       3.79576e-20
 226.7000000       3.67599e-20       3.67599e-20
 226.8000000       3.55621e-20       3.55621e-20
 226.9000000       3.43644e-20       3.43644e-20
 227.0000000       3.31667e-20       3.31667e-20
 227.1000000       3.19689e-20       3.19689e-20
 227.2000000       3.07712e-20       3.07712e-20
 227.3000000       2.95734e-20       2.95734e-20
 227.4000000       2.83757e-20       2.83757e-20
 227.5000000       2.71780e-20       2.71780e-20
 227.6000000       2.60778e-20       2.60778e-20
 227.7000000       2.53789e-20       2.53789e-20
 227.8000000       2.47233e-20       2.47233e-20
 227.9000000       2.40678e-20       2.40678e-20
 228.0000000       2.34122e-20       2.34122e-20
 228.1000000       2.27567e-20       2.27567e-20
 228.2000000       2.21011e-20       2.21011e-20
 228.3000000       2.14456e-20       2.14456e-20
 228.4000000       2.07900e-20       2.07900e-20
 228.5000000       2.01344e-20       2.01344e-20
 228.6000000       1.94789e-20       1.94789e-20
 228.7000000       1.88233e-20       1.88233e-20
 228.8000000       1.81678e-20       1.81678e-20
 228.9000000       1.75122e-20       1.75122e-20
 229.0000000       1.68567e-20       1.68567e-20
 229.1000000       1.62011e-20       1.62011e-20
 229.2000000       1.55456e-20       1.55456e-20
 229.3000000       1.48900e-20       1.48900e-20
 229.4000000       1.42951e-20       1.42951e-20
 229.5000000       1.39496e-20       1.39496e-20
 229.6000000       1.36310e-20       1.36310e-20
 229.7000000       1.33124e-20       1.33124e-20
 229.8000000       1.29938e-20       1.29938e-20
 229.9000000       1.26752e-20       1.26752e-20
 230.0000000       1.23567e-20       1.23567e-20
 230.1000000       1.20381e-20       1.20381e-20
 230.2000000       1.17195e-20       1.17195e-20
 230.3000000       1.14009e-20       1.14009e-20
 230.4000000       1.10823e-20       1.10823e-20
 230.5000000       1.07638e-20       1.07638e-20
 230.6000000       1.04452e-20       1.04452e-20
 230.7000000       1.01266e-20       1.01266e-20
 230.8000000       9.80803e-21       9.80803e-21
 230.9000000       9.48945e-21       9.48945e-21
 231.0000000       9.17087e-21       9.17087e-21
 231.1000000       8.85230e-21       8.85230e-21
 231.2000000       8.54346e-21       8.54346e-21
 231.3000000       8.38828e-21       8.38828e-21
 231.4000000       8.28613e-21       8.28613e-21
 231.5000000       8.18398e-21       8.18398e-21
 231.6000000       8.08183e-21       8.08183e-21
 231.7000000       7.97968e-21       7.97968e-21
 231.8000000       7.87753e-21       7.87753e-21
 231.9000000       7.77538e-21       7.77538e-21
 232.0000000       7.67323e-21       7.67323e-21
 232.1000000       7.57108e-21       7.57108e-21
 232.2000000       7.46892e-21       7.46892e-21
 232.3000000       7.36677e-21       7.36677e-21
 232.4000000       7.26462e-21       7.26462e-21
 232.5000000       7.16247e-21       7.16247e-21
 232.6000000       7.06032e-21       7.06032e-21
 232.7000000       6.95817e-21       6.95817e-21
 232.8000000       6.85602e-21       6.85602e-21
 232.9000000       6.75387e-21       6.75387e-21
 233.0000000       6.65172e-21       6.65172e-21
 233.1000000       6.53817e-21       6.53817e-21
 233.2000000       6.39159e-21       6.39159e-21
 233.3000000       6.24291e-21       6.24291e-21
 233.4000000       6.09423e-21       6.09423e-21
 233.5000000       5.94556e-21       5.94556e-21
 233.6000000       5.79688e-21       5.79688e-21
 233.7000000       5.64820e-21       5.64820e-21
 233.8000000       5.49952e-21       5.49952e-21
 233.9000000       5.35085e-21       5.35085e-21
 234.0000000       5.20217e-21       5.20217e-21
 234.1000000       5.05349e-21       5.05349e-21
 234.2000000       4.90481e-21       4.90481e-21
 234.3000000       4.75614e-21       4.75614e-21
 234.4000000       4.60746e-21       4.60746e-21
 234.5000000       4.45878e-21       4.45878e-21
 234.6000000       4.31011e-21       4.31011e-21
 234.7000000       4.16143e-21       4.16143e-21
 234.8000000       4.01275e-21       4.01275e-21
 234.9000000       3.86407e-21       3.86407e-21
 235.0000000       3.73664e-21       3.73664e-21
 235.1000000       3.65302e-21       3.65302e-21
 235.2000000       3.57073e-21       3.57073e-21
 235.3000000       3.48844e-21       3.48844e-21
 235.4000000       3.40615e-21       3.40615e-21
 235.5000000       3.32385e-21       3.32385e-21
 235.6000000       3.24156e-21       3.24156e-21
 235.7000000       3.15927e-21       3.15927e-21
 235.8000000       3.07698e-21       3.07698e-21
 235.9000000       2.99469e-21       2.99469e-21
 236.0000000       2.91240e-21       2.91240e-21
 236.1000000       2.83010e-21       2.83010e-21
 236.2000000       2.74781e-21       2.74781e-21
 236.3000000       2.66552e-21       2.66552e-21
 236.4000000       2.58323e-21       2.58323e-21
 236.5000000       2.50094e-21       2.50094e-21
 236.6000000       2.41865e-21       2.41865e-21
 236.7000000       2.33635e-21       2.33635e-21
 236.8000000       2.25406e-21       2.25406e-21
 236.9000000       2.17323e-21       2.17323e-21
 237.0000000       2.09837e-21       2.09837e-21
 237.1000000       2.02417e-21       2.02417e-21
 237.2000000       1.94996e-21       1.94996e-21
 237.3000000       1.87576e-21       1.87576e-21
 237.4000000       1.80155e-21       1.80155e-21
 237.5000000       1.72735e-21       1.72735e-21
 237.6000000       1.65314e-21       1.65314e-21
 237.7000000       1.57894e-21       1.57894e-21
 237.8000000       1.50473e-21       1.50473e-21
 237.9000000       1.43053e-21       1.43053e-21
 238.0000000       1.35632e-21       1.35632e-21
 238.1000000       1.28212e-21       1.28212e-21
 238.2000000       1.20791e-21       1.20791e-21
 238.3000000       1.13371e-21       1.13371e-21
 238.4000000       1.05950e-21       1.05950e-21
 238.5000000       9.85297e-22       9.85297e-22
 238.6000000       9.11092e-22       9.11092e-22
 238.7000000       8.36887e-22       8.36887e-22
 238.8000000       7.63047e-22       7.63047e-22
 238.9000000       7.32212e-22       7.32212e-22
 239.0000000       7.30899e-22       7.30899e-22
 239.1000000       7.29586e-22       7.29586e-22
 239.2000000       7.28273e-22       7.28273e-22
 239.3000000       7.26960e-22       7.26960e-22
 239.4000000       7.25646e-22       7.25646e-22
 239.5000000       7.24333e-22       7.24333e-22
 239.6000000       7.23020e-22       7.23020e-22
 239.7000000       7.21707e-22       7.21707e-22
 239.8000000       7.20394e-22       7.20394e-22
 239.9000000       7.19081e-22       7.19081e-22
 240.0000000       7.17768e-22       7.17768e-22
 240.1000000       7.16455e-22       7.16455e-22
 240.2000000       7.15141e-22       7.15141e-22
 240.3000000       7.13828e-22       7.13828e-22
 240.4000000       7.12515e-22       7.12515e-22
 240.5000000       7.11202e-22       7.11202e-22
 240.6000000       7.09889e-22       7.09889e-22
 240.7000000       7.08576e-22       7.08576e-22
 240.8000000       7.06132e-22       7.06132e-22
 240.9000000       6.85851e-22       6.85851e-22
 241.0000000       6.59416e-22       6.59416e-22
 241.1000000       6.32980e-22       6.32980e-22
 241.2000000       6.06545e-22       6.06545e-22
 241.3000000       5.80109e-22       5.80109e-22
 241.4000000       5.53673e-22       5.53673e-22
 241.5000000       5.27238e-22       5.27238e-22
 241.6000000       5.00802e-22       5.00802e-22
 241.7000000       4.74366e-22       4.74366e-22
 241.8000000       4.47931e-22       4.47931e-22
 241.9000000       4.21495e-22       4.21495e-22
 242.0000000       3.95059e-22       3.95059e-22
 242.1000000       3.68624e-22       3.68624e-22
 242.2000000       3.42188e-22       3.42188e-22
 242.3000000       3.15752e-22       3.15752e-22
 242.4000000       2.89317e-22       2.89317e-22
 242.5000000       2.62881e-22       2.62881e-22
 242.6000000       2.36446e-22       2.36446e-22
 242.7000000       2.10010e-22       2.10010e-22
 242.8000000       1.83752e-22       1.83752e-22
 242.9000000       1.78502e-22       1.78502e-22
 243.0000000       1.87673e-22       1.87673e-22
 243.1000000       1.96844e-22       1.96844e-22
 243.2000000       2.06015e-22       2.06015e-22
 243.3000000       2.15185e-22       2.15185e-22
 243.4000000       2.24356e-22       2.24356e-22
 243.5000000       2.33527e-22       2.33527e-22
 243.6000000       2.42698e-22       2.42698e-22
 243.7000000       2.51868e-22       2.51868e-22
 243.8000000       2.61039e-22       2.61039e-22
 243.9000000       2.70210e-22       2.70210e-22
 244.0000000       2.79380e-22       2.79380e-22
 244.1000000       2.88551e-22       2.88551e-22
 244.2000000       2.97722e-22       2.97722e-22
 244.3000000       3.06893e-22       3.06893e-22
 244.4000000       3.16063e-22       3.16063e-22
 244.5000000       3.25234e-22       3.25234e-22
 244.6000000       3.34405e-22       3.34405e-22
 244.7000000       3.43576e-22       3.43576e-22
 244.8000000       3.52746e-22       3.52746e-22
 244.9000000       3.60051e-22       3.60051e-22
 245.0000000       3.59681e-22       3.59681e-22
 245.1000000       3.58482e-22       3.58482e-22
 245.2000000       3.57283e-22       3.57283e-22
 245.3000000       3.56084e-22       3.56084e-22
 245.4000000       3.54885e-22       3.54885e-22
 245.5000000       3.53686e-22       3.53686e-22
 245.6000000       3.52488e-22       3.52488e-22
 245.7000000       3.51289e-22       3.51289e-22
 245.8000000       3.50090e-22       3.50090e-22
 245.9000000       3.48891e-22       3.48891e-22
 246.0000000       3.47692e-22       3.47692e-22
 246.1000000       3.46493e-22       3.46493e-22
 246.2000000       3.45294e-22       3.45294e-22
 246.3000000       3.44095e-22       3.44095e-22
 246.4000000       3.42896e-22       3.42896e-22
 246.5000000       3.41697e-22       3.41697e-22
 246.6000000       3.40498e-22       3.40498e-22
 246.7000000       3.39299e-22       3.39299e-22
 246.8000000       3.38100e-22       3.38100e-22
 246.9000000       3.36901e-22       3.36901e-22
 247.0000000       3.35702e-22       3.35702e-22
 247.1000000       3.34503e-22       3.34503e-22
 247.2000000       3.33305e-22       3.33305e-22
 247.3000000       3.32106e-22       3.32106e-22
 247.4000000       3.30907e-22       3.30907e-22
 247.5000000       3.29708e-22       3.29708e-22
 247.6000000       3.28509e-22       3.28509e-22
 247.7000000       3.27310e-22       3.27310e-22
 247.8000000       3.26111e-22       3.26111e-22
 247.9000000       3.24912e-22       3.24912e-22
 248.0000000       3.23713e-22       3.23713e-22
 248.1000000       3.22514e-22       3.22514e-22
 248.2000000       3.21315e-22       3.21315e-22
 248.3000000       3.20116e-22       3.20116e-22
 248.4000000       3.18917e-22       3.18917e-22
 248.5000000       3.17718e-22       3.17718e-22
 248.6000000       3.16519e-22       3.16519e-22
 248.7000000       3.15320e-22       3.15320e-22
 248.8000000       3.14122e-22       3.14122e-22
 248.9000000       3.12923e-22       3.12923e-22
 249.0000000       3.11724e-22       3.11724e-22
 249.1000000       3.10525e-22       3.10525e-22
 249.2000000       3.09326e-22       3.09326e-22
 249.3000000       3.08127e-22       3.08127e-22
 249.4000000       3.06928e-22       3.06928e-22
 249.5000000       3.05729e-22       3.05729e-22
 249.6000000       3.04530e-22       3.04530e-22
 249.7000000       3.03331e-22       3.03331e-22
 249.8000000       3.02132e-22       3.02132e-22
 249.9000000       3.00933e-22       3.00933e-22
 250.0000000       2.99734e-22       2.99734e-22
 250.1000000       2.98535e-22       2.98535e-22
 250.2000000       2.97336e-22       2.97336e-22
 250.3000000       2.96137e-22       2.96137e-22
 250.4000000       2.94939e-22       2.94939e-22
 250.5000000       2.93740e-22       2.93740e-22
 250.6000000       2.92541e-22       2.92541e-22
 250.7000000       2.91342e-22       2.91342e-22
 250.8000000       2.90143e-22       2.90143e-22
 250.9000000       2.88944e-22       2.88944e-22
 251.0000000       2.87745e-22       2.87745e-22
 251.1000000       2.86546e-22       2.86546e-22
 251.2000000       2.85347e-22       2.85347e-22
 251.3000000       2.84148e-22       2.84148e-22
 251.4000000       2.82949e-22       2.82949e-22
 251.5000000       2.81750e-22       2.81750e-22
 251.6000000       2.80551e-22       2.80551e-22
 251.7000000       2.79352e-22       2.79352e-22
 251.8000000       2.78153e-22       2.78153e-22
 251.9000000       2.76954e-22       2.76954e-22
 252.0000000       2.75756e-22       2.75756e-22
 252.1000000       2.74557e-22       2.74557e-22
 252.2000000       2.73358e-22       2.73358e-22
 252.3000000       2.72159e-22       2.72159e-22
 252.4000000       2.70960e-22       2.70960e-22
 252.5000000       2.69761e-22       2.69761e-22
 252.6000000       2.68562e-22       2.68562e-22
 252.7000000       2.67363e-22       2.67363e-22
 252.8000000       2.66164e-22       2.66164e-22
 252.9000000       2.64965e-22       2.64965e-22
 253.0000000       2.63766e-22       2.63766e-22
 253.1000000       2.62567e-22       2.62567e-22
 253.2000000       2.61368e-22       2.61368e-22
 253.3000000       2.60169e-22       2.60169e-22
 253.4000000       2.58970e-22       2.58970e-22
 253.5000000       2.57772e-22       2.57772e-22
 253.6000000       2.56573e-22       2.56573e-22
 253.7000000       2.55374e-22       2.55374e-22
 253.8000000       2.54175e-22       2.54175e-22
 253.9000000       2.52976e-22       2.52976e-22
 254.0000000       2.51777e-22       2.51777e-22
 254.1000000       2.50578e-22       2.50578e-22
 254.2000000       2.49379e-22       2.49379e-22
 254.3000000       2.48180e-22       2.48180e-22
 254.4000000       2.46981e-22       2.46981e-22
 254.5000000       2.45782e-22       2.45782e-22
 254.6000000       2.44583e-22       2.44583e-22
 254.7000000       2.43384e-22       2.43384e-22
 254.8000000       2.42185e-22       2.42185e-22
 254.9000000       2.40986e-22       2.40986e-22
 255.0000000       2.39787e-22       2.39787e-22
 255.1000000       2.38589e-22       2.38589e-22
 255.2000000       2.37390e-22       2.37390e-22
 255.3000000       2.36191e-22       2.36191e-22
 255.4000000       2.34992e-22       2.34992e-22
 255.5000000       2.33793e-22       2.33793e-22
 255.6000000       2.32594e-22       2.32594e-22
 255.7000000       2.31395e-22       2.31395e-22
 255.8000000       2.30196e-22       2.30196e-22
 255.9000000       2.28997e-22       2.28997e-22
 256.0000000       2.27798e-22       2.27798e-22
 256.1000000       2.26599e-22       2.26599e-22
 256.2000000       2.25400e-22       2.25400e-22
 256.3000000       2.24201e-22       2.24201e-22
 256.4000000       2.23002e-22       2.23002e-22
 256.5000000       2.21803e-22       2.21803e-22
 256.6000000       2.20604e-22       2.20604e-22
 256.7000000       2.19406e-22       2.19406e-22
 256.8000000       2.18207e-22       2.18207e-22
 256.9000000       2.17008e-22       2.17008e-22
 257.0000000       2.15809e-22       2.15809e-22
 257.1000000       2.14610e-22       2.14610e-22
 257.2000000       2.13411e-22       2.13411e-22
 257.3000000       2.12212e-22       2.12212e-22
 257.4000000       2.11013e-22       2.11013e-22
 257.5000000       2.09814e-22       2.09814e-22
 257.6000000       2.08615e-22       2.08615e-22
 257.7000000       2.07416e-22       2.07416e-22
 257.8000000       2.06217e-22       2.06217e-22
 257.9000000       2.05018e-22       2.05018e-22
 258.0000000       2.03819e-22       2.03819e-22
 258.1000000       2.02620e-22       2.02620e-22
 258.2000000       2.01421e-22       2.01421e-22
 258.3000000       2.00223e-22       2.00223e-22
 258.4000000       1.99024e-22       1.99024e-22
 258.5000000       1.97825e-22       1.97825e-22
 258.6000000       1.96626e-22       1.96626e-22
 258.7000000       1.95427e-22       1.95427e-22
 258.8000000       1.94228e-22       1.94228e-22
 258.9000000       1.93029e-22       1.93029e-22
 259.0000000       1.91830e-22       1.91830e-22
 259.1000000       1.90631e-22       1.90631e-22
 259.2000000       1.89432e-22       1.89432e-22
 259.3000000       1.88233e-22       1.88233e-22
 259.4000000       1.87034e-22       1.87034e-22
 259.5000000       1.85835e-22       1.85835e-22
 259.6000000       1.84636e-22       1.84636e-22
 259.7000000       1.83437e-22       1.83437e-22
 259.8000000       1.82238e-22       1.82238e-22
 259.9000000       1.81040e-22       1.81040e-22
 260.0000000       1.79841e-22       1.79841e-22
 260.1000000       1.78642e-22       1.78642e-22
 260.2000000       1.77443e-22       1.77443e-22
 260.3000000       1.76244e-22       1.76244e-22
 260.4000000       1.75045e-22       1.75045e-22
 260.5000000       1.73846e-22       1.73846e-22
 260.6000000       1.72647e-22       1.72647e-22
 260.7000000       1.71448e-22       1.71448e-22
 260.8000000       1.70249e-22       1.70249e-22
 260.9000000       1.69050e-22       1.69050e-22
 261.0000000       1.67851e-22       1.67851e-22
 261.1000000       1.66652e-22       1.66652e-22
 261.2000000       1.65453e-22       1.65453e-22
 261.3000000       1.64254e-22       1.64254e-22
 261.4000000       1.63055e-22       1.63055e-22
 261.5000000       1.61857e-22       1.61857e-22
 261.6000000       1.60658e-22       1.60658e-22
 261.7000000       1.59459e-22       1.59459e-22
 261.8000000       1.58260e-22       1.58260e-22
 261.9000000       1.57061e-22       1.57061e-22
 262.0000000       1.55862e-22       1.55862e-22
 262.1000000       1.54663e-22       1.54663e-22
 262.2000000       1.53464e-22       1.53464e-22
 262.3000000       1.52265e-22       1.52265e-22
 262.4000000       1.51066e-22       1.51066e-22
 262.5000000       1.49867e-22       1.49867e-22
 262.6000000       1.48668e-22       1.48668e-22
 262.7000000       1.47469e-22       1.47469e-22
 262.8000000       1.46270e-22       1.46270e-22
 262.9000000       1.45071e-22       1.45071e-22
 263.0000000       1.43872e-22       1.43872e-22
 263.1000000       1.42674e-22       1.42674e-22
 263.2000000       1.41475e-22       1.41475e-22
 263.3000000       1.40276e-22       1.40276e-22
 263.4000000       1.39077e-22       1.39077e-22
 263.5000000       1.37878e-22       1.37878e-22
 263.6000000       1.36679e-22       1.36679e-22
 263.7000000       1.35480e-22       1.35480e-22
 263.8000000       1.34281e-22       1.34281e-22
 263.9000000       1.33082e-22       1.33082e-22
 264.0000000       1.31883e-22       1.31883e-22
 264.1000000       1.30684e-22       1.30684e-22
 264.2000000       1.29485e-22       1.29485e-22
 264.3000000       1.28286e-22       1.28286e-22
 264.4000000       1.27087e-22       1.27087e-22
 264.5000000       1.25888e-22       1.25888e-22
 264.6000000       1.24689e-22       1.24689e-22
 264.7000000       1.23491e-22       1.23491e-22
 264.8000000       1.22292e-22       1.22292e-22
 264.9000000       1.21093e-22       1.21093e-22
 265.0000000       1.19894e-22       1.19894e-22
 265.1000000       1.18695e-22       1.18695e-22
 265.2000000       1.17496e-22       1.17496e-22
 265.3000000       1.16297e-22       1.16297e-22
 265.4000000       1.15098e-22       1.15098e-22
 265.5000000       1.13899e-22       1.13899e-22
 265.6000000       1.12700e-22       1.12700e-22
 265.7000000       1.11501e-22       1.11501e-22
 265.8000000       1.10302e-22       1.10302e-22
 265.9000000       1.09103e-22       1.09103e-22
 266.0000000       1.07904e-22       1.07904e-22
 266.1000000       1.06705e-22       1.06705e-22
 266.2000000       1.05506e-22       1.05506e-22
 266.3000000       1.04308e-22       1.04308e-22
 266.4000000       1.03109e-22       1.03109e-22
 266.5000000       1.01910e-22       1.01910e-22
 266.6000000       1.00711e-22       1.00711e-22
 266.7000000       9.95118e-23       9.95118e-23
 266.8000000       9.83129e-23       9.83129e-23
 266.9000000       9.71139e-23       9.71139e-23
 267.0000000       9.59150e-23       9.59150e-23
 267.1000000       9.47160e-23       9.47160e-23
 267.2000000       9.35171e-23       9.35171e-23
 267.3000000       9.23182e-23       9.23182e-23
 267.4000000       9.11192e-23       9.11192e-23
 267.5000000       8.99203e-23       8.99203e-23
 267.6000000       8.87214e-23       8.87214e-23
 267.7000000       8.75224e-23       8.75224e-23
 267.8000000       8.63235e-23       8.63235e-23
 267.9000000       8.51245e-23       8.51245e-23
 268.0000000       8.39256e-23       8.39256e-23
 268.1000000       8.27267e-23       8.27267e-23
 268.2000000       8.15277e-23       8.15277e-23
 268.3000000       8.03288e-23       8.03288e-23
 268.4000000       7.91299e-23       7.91299e-23
 268.5000000       7.79309e-23       7.79309e-23
 268.6000000       7.67320e-23       7.67320e-23
 268.7000000       7.55330e-23       7.55330e-23
 268.8000000       7.43341e-23       7.43341e-23
 268.9000000       7.31352e-23       7.31352e-23
 269.0000000       7.19362e-23       7.19362e-23
 269.1000000       7.07373e-23       7.07373e-23
 269.2000000       6.95384e-23       6.95384e-23
 269.3000000       6.83394e-23       6.83394e-23
 269.4000000       6.71405e-23       6.71405e-23
 269.5000000       6.59415e-23       6.59415e-23
 269.6000000       6.47426e-23       6.47426e-23
 269.7000000       6.35437e-23       6.35437e-23
 269.8000000       6.23447e-23       6.23447e-23
 269.9000000       6.11458e-23       6.11458e-23
 270.0000000       5.99469e-23       5.99469e-23
 270.1000000       5.87479e-23       5.87479e-23
 270.2000000       5.75490e-23       5.75490e-23
 270.3000000       5.63500e-23       5.63500e-23
 270.4000000       5.51511e-23       5.51511e-23
 270.5000000       5.39522e-23       5.39522e-23
 270.6000000       5.27532e-23       5.27532e-23
 270.7000000       5.15543e-23       5.15543e-23
 270.8000000       5.03554e-23       5.03554e-23
 270.9000000       4.91564e-23       4.91564e-23
 271.0000000       4.79575e-23       4.79575e-23
 271.1000000       4.67586e-23       4.67586e-23
 271.2000000       4.55596e-23       4.55596e-23
 271.3000000       4.43607e-23       4.43607e-23
 271.4000000       4.31617e-23       4.31617e-23
 271.5000000       4.19628e-23       4.19628e-23
 271.6000000       4.07639e-23       4.07639e-23
 271.7000000       3.95649e-23       3.95649e-23
 271.8000000       3.83660e-23       3.83660e-23
 271.9000000       3.71671e-23       3.71671e-23
 272.0000000       3.59681e-23       3.59681e-23
 272.1000000       3.47692e-23       3.47692e-23
 272.2000000       3.35702e-23       3.35702e-23
 272.3000000       3.23713e-23       3.23713e-23
 272.4000000       3.11724e-23       3.11724e-23
 272.5000000       2.99734e-23       2.99734e-23
 272.6000000       2.87745e-23       2.87745e-23
 272.7000000       2.75756e-23       2.75756e-23
 272.8000000       2.63766e-23       2.63766e-23
 272.9000000       2.51777e-23       2.51777e-23
 273.0000000       2.39787e-23       2.39787e-23
 273.1000000       2.27798e-23       2.27798e-23
 273.2000000       2.15809e-23       2.15809e-23
 273.3000000       2.03819e-23       2.03819e-23
 273.4000000       1.91830e-23       1.91830e-23
 273.5000000       1.79841e-23       1.79841e-23
 273.6000000       1.67851e-23       1.67851e-23
 273.7000000       1.55862e-23       1.55862e-23
 273.8000000       1.43872e-23       1.43872e-23
 273.9000000       1.31883e-23       1.31883e-23
 274.0000000       1.19894e-23       1.19894e-23
 274.1000000       1.07904e-23       1.07904e-23
 274.2000000       9.59150e-24       9.59150e-24
 274.3000000       8.39256e-24       8.39256e-24
 274.4000000       7.19362e-24       7.19362e-24
 274.5000000       5.99469e-24       5.99469e-24
 274.6000000       4.79575e-24       4.79575e-24
 274.7000000       3.59681e-24       3.59681e-24
 274.8000000       2.39787e-24       2.39787e-24
 274.9000000       1.49867e-24       1.49867e-24
