# converted from SWRI into Leiden file style
# 
# wavelength   photoionisation
1.000000000000000194e-02 2.329999999999999914e-29
1.000000000000000000e+00 1.650000000000000045e-22
2.000000000000000000e+00 1.600000000000000078e-21
2.278000000000000025e+00 2.879999999999999839e-21
2.435999999999999943e+00 3.500000000000000335e-21
2.605000000000000426e+00 4.239999999999999773e-21
2.785000000000000142e+00 5.129999999999999678e-21
2.978000000000000203e+00 6.189999999999999809e-21
3.185000000000000497e+00 7.459999999999999690e-21
3.406000000000000583e+00 8.970000000000000466e-21
3.642000000000000348e+00 1.080000000000000043e-20
3.894000000000000128e+00 1.289999999999999943e-20
4.063000000000000611e+00 1.449999999999999988e-20
4.145000000000000462e+00 1.529999999999999936e-20
4.229000000000000092e+00 1.619999999999999914e-20
4.314000000000000057e+00 1.719999999999999924e-20
4.400999999999999801e+00 1.829999999999999964e-20
4.490000000000000213e+00 1.940000000000000005e-20
4.581000000000000405e+00 2.060000000000000077e-20
4.673000000000000043e+00 2.189999999999999878e-20
4.767999999999999794e+00 2.319999999999999981e-20
4.864000000000000767e+00 2.470000000000000146e-20
4.961999999999999744e+00 2.620000000000000010e-20
5.063000000000000611e+00 2.780000000000000206e-20
5.165000000000000036e+00 2.949999999999999831e-20
5.269000000000000128e+00 3.140000000000000120e-20
5.376000000000000334e+00 3.329999999999999807e-20
5.484000000000000874e+00 3.540000000000000158e-20
5.595000000000000639e+00 3.760000000000000239e-20
5.708000000000000185e+00 3.990000000000000050e-20
5.823000000000000398e+00 4.230000000000000194e-20
5.940999999999999837e+00 4.500000000000000129e-20
6.060999999999999943e+00 4.770000000000000065e-20
6.182999999999999829e+00 5.069999999999999793e-20
6.307999999999999829e+00 5.379999999999999852e-20
6.435999999999999943e+00 5.719999999999999704e-20
6.565999999999999837e+00 6.070000000000000490e-20
6.698000000000000398e+00 6.439999999999999532e-20
6.834000000000000519e+00 6.839999999999999571e-20
6.972000000000000419e+00 7.269999999999999401e-20
7.112999999999999545e+00 7.719999999999999896e-20
7.256000000000000227e+00 8.189999999999999850e-20
7.403000000000000469e+00 8.699999999999999929e-20
7.551999999999999602e+00 9.239999999999999800e-20
7.705000000000000071e+00 9.809999999999999463e-20
7.861000000000000654e+00 1.039999999999999979e-19
8.019000000000000128e+00 1.110000000000000016e-19
8.181000000000000938e+00 1.170000000000000082e-19
8.346999999999999531e+00 1.250000000000000089e-19
8.515000000000000568e+00 1.320000000000000006e-19
8.687000000000001165e+00 1.410000000000000105e-19
8.862999999999999545e+00 1.490000000000000112e-19
9.041999999999999815e+00 1.590000000000000062e-19
9.224000000000000199e+00 1.679999999999999920e-19
9.410999999999999588e+00 1.789999999999999961e-19
9.601000000000000867e+00 1.900000000000000001e-19
9.795000000000001705e+00 2.010000000000000042e-19
9.993000000000002103e+00 2.140000000000000024e-19
1.019000000000000128e+01 2.269999999999999766e-19
1.040000000000000036e+01 2.410000000000000080e-19
1.060999999999999943e+01 2.559999999999999763e-19
1.083000000000000007e+01 2.719999999999999779e-19
1.104000000000000092e+01 2.890000000000000126e-19
1.127000000000000135e+01 3.069999999999999842e-19
1.149000000000000199e+01 3.259999999999999890e-19
1.173000000000000043e+01 3.459999999999999789e-19
1.188000000000000078e+01 3.500000000000000154e-19
1.228000000000000114e+01 3.760000000000000119e-19
1.325999999999999979e+01 4.990000000000000026e-19
1.419000000000000128e+01 5.610000000000000386e-19
1.475999999999999979e+01 6.139999999999999684e-19
1.578000000000000114e+01 7.690000000000000103e-19
1.710999999999999943e+01 9.049999999999999993e-19
1.714000000000000057e+01 9.360000000000000654e-19
1.715000000000000213e+01 9.429999999999999126e-19
1.716000000000000014e+01 9.760000000000000452e-19
1.716999999999999815e+01 9.319999999999999326e-19
1.718000000000000327e+01 9.629999999999999988e-19
1.719000000000000128e+01 9.110000000000000059e-19
1.719999999999999929e+01 9.859999999999999920e-19
1.721000000000000085e+01 9.690000000000000054e-19
1.721999999999999886e+01 9.120000000000000391e-19
1.723000000000000043e+01 8.989999999999999927e-19
1.724000000000000199e+01 1.000000000000000072e-18
1.726000000000000156e+01 9.460000000000000122e-19
1.726999999999999957e+01 9.880000000000000584e-19
1.728000000000000114e+01 9.199999999999999194e-19
1.730000000000000071e+01 8.989999999999999927e-19
1.730999999999999872e+01 9.149999999999999461e-19
1.732000000000000028e+01 1.129999999999999958e-18
1.740000000000000213e+01 9.750000000000000120e-19
1.741999999999999815e+01 9.890000000000000916e-19
1.743000000000000327e+01 9.079999999999999063e-19
1.746000000000000085e+01 9.049999999999999993e-19
1.746999999999999886e+01 9.400000000000000056e-19
1.751999999999999957e+01 9.629999999999999988e-19
1.753000000000000114e+01 1.220000000000000056e-18
1.774000000000000199e+01 1.010000000000000018e-18
1.785000000000000142e+01 1.089999999999999978e-18
1.787000000000000099e+01 1.029999999999999912e-18
1.789000000000000057e+01 9.700000000000000386e-19
1.796000000000000085e+01 9.919999999999999986e-19
1.910000000000000142e+01 1.239999999999999950e-18
1.910999999999999943e+01 1.250000000000000089e-18
1.913000000000000256e+01 1.199999999999999970e-18
1.914000000000000057e+01 1.829999999999999892e-18
1.915000000000000213e+01 1.669999999999999973e-18
1.916000000000000014e+01 1.129999999999999958e-18
1.916999999999999815e+01 1.909999999999999852e-18
1.918000000000000327e+01 1.150000000000000044e-18
1.919000000000000128e+01 1.920000000000000184e-18
1.920000000000000284e+01 1.159999999999999991e-18
1.921000000000000085e+01 1.129999999999999958e-18
1.921999999999999886e+01 2.039999999999999930e-18
1.923000000000000398e+01 1.330000000000000049e-18
1.924000000000000199e+01 1.190000000000000024e-18
1.925000000000000000e+01 1.129999999999999958e-18
1.926000000000000156e+01 1.070000000000000084e-18
1.926999999999999957e+01 1.889999999999999958e-18
1.928000000000000114e+01 2.010000000000000090e-18
1.929000000000000270e+01 1.290000000000000069e-18
1.933000000000000185e+01 1.180000000000000077e-18
1.935000000000000142e+01 1.120000000000000011e-18
1.935999999999999943e+01 1.040000000000000051e-18
1.937000000000000099e+01 7.299999999999999675e-19
1.938000000000000256e+01 2.590000000000000085e-18
1.939000000000000057e+01 1.700000000000000006e-18
1.940000000000000213e+01 1.419999999999999955e-18
1.941000000000000014e+01 1.330000000000000049e-18
1.946999999999999886e+01 1.220000000000000056e-18
1.948000000000000398e+01 1.360000000000000082e-18
1.954000000000000270e+01 1.169999999999999937e-18
1.957000000000000028e+01 1.080000000000000031e-18
1.959000000000000341e+01 9.799999999999999854e-19
1.960000000000000142e+01 8.759999999999999995e-19
1.960999999999999943e+01 6.240000000000000115e-19
1.962000000000000099e+01 2.479999999999999900e-18
1.963000000000000256e+01 3.570000000000000263e-18
1.964000000000000057e+01 2.020000000000000037e-18
1.965000000000000213e+01 1.700000000000000006e-18
1.966000000000000014e+01 1.569999999999999927e-18
1.968000000000000327e+01 1.459999999999999935e-18
1.971999999999999886e+01 1.370000000000000029e-18
1.989000000000000057e+01 1.290000000000000069e-18
1.991000000000000014e+01 1.279999999999999930e-18
1.992000000000000171e+01 1.349999999999999943e-18
1.993000000000000327e+01 1.319999999999999910e-18
2.030000000000000071e+01 1.260000000000000036e-18
2.051000000000000156e+01 1.180000000000000077e-18
2.060000000000000142e+01 1.080000000000000031e-18
2.065000000000000213e+01 9.679999999999999722e-19
2.068000000000000327e+01 8.439999999999999964e-19
2.070000000000000284e+01 7.069999999999999743e-19
2.071000000000000085e+01 6.079999999999999618e-19
2.071999999999999886e+01 4.779999999999999795e-19
2.073000000000000398e+01 3.039999999999999809e-19
2.074000000000000199e+01 8.900000000000000550e-20
2.075000000000000000e+01 7.470000000000000022e-20
2.076000000000000156e+01 4.460000000000000150e-18
2.078000000000000114e+01 1.049999999999999960e-17
2.079000000000000270e+01 5.389999999999999823e-18
2.080000000000000071e+01 3.720000000000000235e-18
2.081000000000000227e+01 2.999999999999999829e-18
2.082000000000000028e+01 2.609999999999999979e-18
2.083000000000000185e+01 2.370000000000000100e-18
2.085000000000000142e+01 2.210000000000000181e-18
2.085999999999999943e+01 2.090000000000000049e-18
2.090000000000000213e+01 1.880000000000000011e-18
2.095000000000000284e+01 1.739999999999999986e-18
2.106000000000000227e+01 1.629999999999999993e-18
2.129000000000000270e+01 1.559999999999999981e-18
2.189000000000000057e+01 1.580000000000000067e-18
2.509000000000000341e+01 2.070000000000000156e-18
2.698000000000000398e+01 2.339999999999999875e-18
3.321999999999999886e+01 3.499999999999999865e-18
4.015000000000000568e+01 4.939999999999999907e-18
4.743999999999999773e+01 6.519999999999999973e-18
5.175000000000000000e+01 7.469999999999999541e-18
