6.000000000000000000e+00 9.999999999999999293e-41
6.035387000000000057e+00 9.999999999999999293e-41
6.070981999999999879e+00 9.999999999999999293e-41
6.106786999999999743e+00 9.999999999999999293e-41
6.142803999999999931e+00 9.999999999999999293e-41
6.179033000000000442e+00 9.999999999999999293e-41
6.215474999999999639e+00 9.999999999999999293e-41
6.252132999999999718e+00 9.999999999999999293e-41
6.289005999999999652e+00 9.999999999999999293e-41
6.326097999999999999e+00 9.999999999999999293e-41
6.363407999999999731e+00 9.999999999999999293e-41
6.400938000000000017e+00 9.999999999999999293e-41
6.438689000000000107e+00 9.999999999999999293e-41
6.476663000000000281e+00 9.999999999999999293e-41
6.514860999999999791e+00 9.999999999999999293e-41
6.538619999999999877e+00 9.999999999999999293e-41
6.538619999999999877e+00 9.999999999999999293e-41
6.542701000000000100e+00 9.999999999999999293e-41
6.542701000000000100e+00 9.999999999999999293e-41
6.546782999999999575e+00 9.999999999999999293e-41
6.546782999999999575e+00 9.999999999999999293e-41
6.553283999999999665e+00 9.999999999999999293e-41
6.591934000000000182e+00 9.999999999999999293e-41
6.630811999999999706e+00 9.999999999999999293e-41
6.636743000000000059e+00 9.999999999999999293e-41
6.636743000000000059e+00 9.999999999999999293e-41
6.640824000000000282e+00 9.999999999999999293e-41
6.640824000000000282e+00 9.999999999999999293e-41
6.644905999999999757e+00 9.999999999999999293e-41
6.644905999999999757e+00 9.999999999999999293e-41
6.669919000000000153e+00 9.999999999999999293e-41
6.709255999999999887e+00 9.999999999999999293e-41
6.748826000000000214e+00 9.999999999999999293e-41
6.788629000000000246e+00 9.999999999999999293e-41
6.828667000000000264e+00 9.999999999999999293e-41
6.868941000000000408e+00 9.999999999999999293e-41
6.909451999999999927e+00 9.999999999999999293e-41
6.950203000000000131e+00 9.999999999999999293e-41
6.991194000000000131e+00 9.999999999999999293e-41
7.032426000000000066e+00 9.999999999999999293e-41
7.073902000000000356e+00 9.999999999999999293e-41
7.115622000000000114e+00 9.999999999999999293e-41
7.121446999999999861e+00 9.999999999999999293e-41
7.125528000000000084e+00 9.999999999999999293e-41
7.129609999999999559e+00 9.999999999999999293e-41
7.157587999999999617e+00 9.999999999999999293e-41
7.199802000000000035e+00 9.999999999999999293e-41
7.242264999999999731e+00 9.999999999999999293e-41
7.284977999999999732e+00 9.999999999999999293e-41
7.327943999999999569e+00 9.999999999999999293e-41
7.371161999999999992e+00 9.999999999999999293e-41
7.414635999999999783e+00 9.999999999999999293e-41
7.458365999999999829e+00 9.999999999999999293e-41
7.502353000000000272e+00 9.999999999999999293e-41
7.546600999999999893e+00 9.999999999999999293e-41
7.591109000000000329e+00 9.999999999999999293e-41
7.635879000000000083e+00 9.999999999999999293e-41
7.680913999999999575e+00 9.999999999999999293e-41
7.726214999999999833e+00 9.999999999999999293e-41
7.771781999999999968e+00 9.999999999999999293e-41
7.817618000000000400e+00 9.999999999999999293e-41
7.863724999999999632e+00 9.999999999999999293e-41
7.910103000000000328e+00 9.999999999999999293e-41
7.956755000000000244e+00 9.999999999999999293e-41
8.003683000000000547e+00 9.999999999999999293e-41
8.050886999999999460e+00 9.999999999999999293e-41
8.098368999999999929e+00 9.999999999999999293e-41
8.146131000000000455e+00 9.999999999999999293e-41
8.194174999999999542e+00 9.999999999999999293e-41
8.242502999999999247e+00 9.999999999999999293e-41
8.291114999999999569e+00 9.999999999999999293e-41
8.340014000000000038e+00 9.999999999999999293e-41
8.389201999999999160e+00 9.999999999999999293e-41
8.438679999999999737e+00 9.999999999999999293e-41
8.488448999999999245e+00 9.999999999999999293e-41
8.538512000000000768e+00 9.999999999999999293e-41
8.588870000000000005e+00 9.999999999999999293e-41
8.639526000000000039e+00 9.999999999999999293e-41
8.645816999999999197e+00 9.999999999999999293e-41
8.645816999999999197e+00 9.999999999999999293e-41
8.645816999999999197e+00 9.999999999999999293e-41
8.649898999999999560e+00 9.999999999999999293e-41
8.649898999999999560e+00 9.999999999999999293e-41
8.649898999999999560e+00 9.999999999999999293e-41
8.653980999999999923e+00 9.999999999999999293e-41
8.653980999999999923e+00 9.999999999999999293e-41
8.653980999999999923e+00 9.999999999999999293e-41
8.690480000000000871e+00 9.999999999999999293e-41
8.741733999999999227e+00 9.999999999999999293e-41
8.793290999999999968e+00 9.999999999999999293e-41
8.845152000000000569e+00 9.999999999999999293e-41
8.897318999999999534e+00 9.999999999999999293e-41
8.949792999999999665e+00 9.999999999999999293e-41
9.002577000000000496e+00 9.999999999999999293e-41
9.055671999999999500e+00 9.999999999999999293e-41
9.109080000000000510e+00 9.999999999999999293e-41
9.162803999999999505e+00 9.999999999999999293e-41
9.216844000000000037e+00 9.999999999999999293e-41
9.269230999999999554e+00 9.999999999999999293e-41
9.269230999999999554e+00 9.999999999999999293e-41
9.269230999999999554e+00 9.999999999999999293e-41
9.271202999999999861e+00 9.999999999999999293e-41
9.273312999999999917e+00 9.999999999999999293e-41
9.273312999999999917e+00 9.999999999999999293e-41
9.273312999999999917e+00 9.999999999999999293e-41
9.277395000000000280e+00 9.999999999999999293e-41
9.277395000000000280e+00 9.999999999999999293e-41
9.277395000000000280e+00 9.999999999999999293e-41
9.325882000000000005e+00 9.999999999999999293e-41
9.380884000000000000e+00 9.999999999999999293e-41
9.436211000000000126e+00 9.999999999999999293e-41
9.491863000000000383e+00 9.999999999999999293e-41
9.547843999999999554e+00 9.999999999999999293e-41
9.604155000000000442e+00 9.999999999999999293e-41
9.660799000000000802e+00 9.999999999999999293e-41
9.717776000000000636e+00 9.999999999999999293e-41
9.775088999999999473e+00 9.999999999999999293e-41
9.832741000000000398e+00 9.999999999999999293e-41
9.890731999999999857e+00 9.999999999999999293e-41
9.949064999999999159e+00 9.999999999999999293e-41
1.000774000000000008e+01 9.999999999999999293e-41
1.006677000000000000e+01 9.999999999999999293e-41
1.012613999999999947e+01 9.999999999999999293e-41
1.018585999999999991e+01 9.999999999999999293e-41
1.024592999999999954e+01 9.999999999999999293e-41
1.030635999999999974e+01 9.999999999999999293e-41
1.036715000000000053e+01 9.999999999999999293e-41
1.042829000000000050e+01 9.999999999999999293e-41
1.048978999999999928e+01 9.999999999999999293e-41
1.055166000000000004e+01 9.999999999999999293e-41
1.061388999999999960e+01 9.999999999999999293e-41
1.063833999999999946e+01 9.999999999999999293e-41
1.063833999999999946e+01 9.999999999999999293e-41
1.064241999999999955e+01 9.999999999999999293e-41
1.064241999999999955e+01 9.999999999999999293e-41
1.064649999999999963e+01 9.999999999999999293e-41
1.064649999999999963e+01 9.999999999999999293e-41
1.067648999999999937e+01 9.999999999999999293e-41
1.073945999999999934e+01 9.999999999999999293e-41
1.080279999999999951e+01 9.999999999999999293e-41
1.086650999999999989e+01 9.999999999999999293e-41
1.093060000000000009e+01 9.999999999999999293e-41
1.099506000000000050e+01 9.999999999999999293e-41
1.105991000000000035e+01 9.999999999999999293e-41
1.112514000000000003e+01 9.999999999999999293e-41
1.118078000000000038e+01 9.999999999999999293e-41
1.118486000000000047e+01 9.999999999999999293e-41
1.118894000000000055e+01 9.999999999999999293e-41
1.119074999999999953e+01 9.999999999999999293e-41
1.125591999999999970e+01 9.999999999999999293e-41
1.125675000000000026e+01 9.999999999999999293e-41
1.125999999999999979e+01 9.999999999999999293e-41
1.126407999999999987e+01 9.999999999999999293e-41
1.132314000000000043e+01 7.447333458681116951e-03
1.138992000000000004e+01 4.209493547967803340e-02
1.145710000000000051e+01 2.718176701155666439e-02
1.150802000000000014e+01 4.672688778549407597e-03
1.151210000000000022e+01 4.671979829090056741e-03
1.151618000000000031e+01 4.671271238350798577e-03
1.152467000000000041e+01 4.669797892910227365e-03
1.159263999999999939e+01 4.674876234654389354e-03
1.163566999999999929e+01 4.695634478183920157e-03
1.163974999999999937e+01 4.697603505687352951e-03
1.164382999999999946e+01 4.698779231665477750e-03
1.166100999999999921e+01 4.700901872657927208e-03
1.172978999999999949e+01 4.710799824357367847e-03
1.179895999999999923e+01 4.724236667384478991e-03
1.186855000000000082e+01 4.712661347713652076e-03
1.193854999999999933e+01 2.556049274845429986e-01
1.200896000000000008e+01 1.286780663723675715e-02
1.202153999999999989e+01 6.638884261950847576e-03
1.202153999999999989e+01 6.638884261950847576e-03
1.202561999999999998e+01 6.302217856008139954e-03
1.202561999999999998e+01 6.302217856008139954e-03
1.202970999999999968e+01 6.205393969628159902e-03
1.202970999999999968e+01 6.205393969628159902e-03
1.207978999999999914e+01 5.135959334655816784e-03
1.215103000000000044e+01 4.759080407128363742e-03
1.222269999999999968e+01 4.765807871563122397e-03
1.229477999999999938e+01 4.778358596038775538e-03
1.236729000000000056e+01 4.782216897509202098e-03
1.244022999999999968e+01 1.991403583133039001e-02
1.251360000000000028e+01 1.698496389269351925e-01
1.253223999999999982e+01 5.869913632991619057e-02
1.253223999999999982e+01 5.869913632991619057e-02
1.253631999999999991e+01 4.652891539849761393e-02
1.253631999999999991e+01 4.652891539849761393e-02
1.254039999999999999e+01 3.688476177196371719e-02
1.254039999999999999e+01 3.688476177196371719e-02
1.258741000000000021e+01 4.822930976119568433e-03
1.266164000000000023e+01 7.175463267941550004e-03
1.273631999999999920e+01 5.975041840351765110e+00
1.275990000000000002e+01 1.195916341057371879e+00
1.275990000000000002e+01 1.195916341057371879e+00
1.275990000000000002e+01 1.195916341057371879e+00
1.276398000000000010e+01 8.294488593053719327e-01
1.276398000000000010e+01 8.294488593053719327e-01
1.276398000000000010e+01 8.294488593053719327e-01
1.276806000000000019e+01 5.753461563068011930e-01
1.276806000000000019e+01 5.753461563068011930e-01
1.276806000000000019e+01 5.753461563068011930e-01
1.281143999999999927e+01 1.185773282340265959e-02
1.288699000000000083e+01 4.871750264653953479e-03
1.296299999999999919e+01 4.886836787575853797e-03
1.303945000000000043e+01 4.937269413192772738e-03
1.311636000000000024e+01 4.929583096501351583e-03
1.319370999999999938e+01 4.902198673695054576e-03
1.327153000000000027e+01 4.943541738335372956e-03
1.334980000000000011e+01 1.193682629663626871e-02
1.342853000000000030e+01 6.392305643114568059e-02
1.350773000000000046e+01 4.930869705122795273e-03
1.358740000000000059e+01 5.069441120986778807e-03
1.359591999999999956e+01 5.889286763454707960e-03
1.359999999999999964e+01 1.322232951993188368e-02
1.360407999999999973e+01 1.266526504198668412e-01
1.361591999999999913e+01 1.760875058268313864e-01
1.361999999999999922e+01 1.525598352827070014e-01
1.362407999999999930e+01 1.523995462326432349e-01
1.366752999999999929e+01 1.465862651151743634e-01
1.374813999999999936e+01 1.397525931806555544e-01
1.382921999999999940e+01 1.277265902621478322e-01
1.391079000000000043e+01 1.199249216879917229e-01
1.399282999999999966e+01 1.113124329596248546e-01
1.400543000000000049e+01 1.098201894265470741e-01
1.400543000000000049e+01 1.098201894265470741e-01
1.400558999999999976e+01 1.098013780752274265e-01
1.400951000000000057e+01 1.093415719961696592e-01
1.400951000000000057e+01 1.093415719961696592e-01
1.400966999999999985e+01 1.093228480823935783e-01
1.401360000000000028e+01 1.088640140235099946e-01
1.401360000000000028e+01 1.088640140235099946e-01
1.401374999999999993e+01 1.088465420220355029e-01
1.407535999999999987e+01 1.040030787373079912e-01
1.415836999999999968e+01 1.000910793503297647e-01
1.424187000000000047e+01 9.466925572135738431e-02
1.432587000000000010e+01 8.554278210906277047e-02
1.441036000000000072e+01 8.006392278820702313e-02
1.449535000000000018e+01 7.601697824821063154e-02
1.458084000000000024e+01 7.090221847537958588e-02
1.466682999999999915e+01 6.516496015660530605e-02
1.475333000000000006e+01 6.189872665069604679e-02
1.484035000000000082e+01 1.211948481717945558e+00
1.492787000000000042e+01 2.482850990045158412e-01
1.501590999999999987e+01 5.365447716838478431e-02
1.510446999999999917e+01 4.787732715121703619e-02
1.519355999999999973e+01 4.520984422957605858e-02
1.528316000000000052e+01 4.137358312671047395e-02
1.537330000000000041e+01 3.986875669813751827e-02
1.546396999999999977e+01 4.073732520544281338e-02
1.555517000000000039e+01 4.901700050585074131e-02
1.564691000000000010e+01 3.269513322937679656e-02
1.573919000000000068e+01 3.066348517732259485e-02
1.583201999999999998e+01 2.853942822982731206e-02
1.592539000000000016e+01 2.710794951400508079e-02
1.601932000000000045e+01 3.668622966339932928e-02
1.611380000000000123e+01 3.224336626965194907e-02
1.620882999999999896e+01 3.754806327840454899e-02
1.630442999999999998e+01 4.010794077389974455e-02
1.640059000000000111e+01 2.365815178143037406e-02
1.649731999999999843e+01 1.914829435417783957e-02
1.659460999999999942e+01 1.838319266938393329e-02
1.669248999999999938e+01 1.736826774849617103e-02
1.679092999999999947e+01 1.654445968233968917e-02
1.688995999999999853e+01 1.568730723292861146e-02
1.698958000000000013e+01 1.492678889255419708e-02
1.708978000000000108e+01 1.435167452721046455e-02
1.719057000000000102e+01 1.687811327994049801e-02
1.729194999999999993e+01 1.576828956827200021e-02
1.739394000000000062e+01 1.239649687513365468e-02
1.749652000000000029e+01 1.179115955754060814e-02
1.759972000000000136e+01 1.132285278369630534e-02
1.770351000000000141e+01 1.073613932468117475e-02
1.780792999999999893e+01 1.046261287009772438e-02
1.791294999999999860e+01 9.788113018955213462e-03
1.801859999999999928e+01 9.420392338325764628e-03
1.812487000000000137e+01 8.979372009881152542e-03
1.823177000000000092e+01 2.454653831664385319e-02
1.833928999999999832e+01 1.692836145950749396e-02
1.844744999999999990e+01 8.875520811555862033e-03
1.855624999999999858e+01 7.468722076649407862e-03
1.866569000000000145e+01 7.086826366783678145e-03
1.877578000000000102e+01 6.805875720335013285e-03
1.888652000000000086e+01 6.489825412808629575e-03
1.899790000000000134e+01 6.437464497685349910e-03
1.910995000000000132e+01 6.037676939696615293e-03
1.922266000000000119e+01 1.576136155811465669e-02
1.933603000000000094e+01 6.305161952266534822e-03
1.945007000000000019e+01 5.148442445915866333e-03
1.956477999999999895e+01 4.938290243698694598e-03
1.968017000000000039e+01 4.720429530925808470e-03
1.979624000000000095e+01 4.546150555139021228e-03
1.991299000000000063e+01 4.392084373249207675e-03
2.003042999999999907e+01 4.251047363435776251e-03
2.014856999999999942e+01 4.149201764885280044e-03
2.026739999999999853e+01 6.152889292205337979e-03
2.038692999999999955e+01 4.854820922214866941e-02
2.050716999999999857e+01 4.552784693222304037e-03
2.062811999999999912e+01 4.179907093121548733e-03
2.074978000000000122e+01 1.003102510476175380e-02
2.087215000000000131e+01 5.494487030583362387e-03
2.099524999999999864e+01 3.766665385822424994e-03
2.111908000000000030e+01 3.626920016878892872e-03
2.124362999999999957e+01 3.573454499435173119e-03
2.136891999999999925e+01 3.489913571410350329e-03
2.149494999999999933e+01 4.917480898953740555e-03
2.162172999999999945e+01 1.118833723330820915e-02
2.174924999999999997e+01 4.039296707494959698e-03
2.187752000000000052e+01 1.188766786316275068e-02
2.200655000000000072e+01 5.950293723053496145e-03
2.213634000000000057e+01 3.606714303305101101e-03
2.226689000000000007e+01 3.258346500823714170e-03
2.239821999999999846e+01 3.406043892704989882e-03
2.253031999999999968e+01 3.298641954119207846e-03
2.266319999999999979e+01 3.295748520293512954e-03
2.279685999999999879e+01 3.289782083446005090e-03
2.293130999999999986e+01 1.558947867740306803e-02
2.306654999999999944e+01 9.799329339988668841e-02
2.320259000000000071e+01 3.085583932235892897e-03
2.333943999999999974e+01 3.074477386668029132e-03
2.347709000000000046e+01 3.058089107822511716e-03
2.361554999999999893e+01 3.032948682774635162e-03
2.375482999999999834e+01 3.176984557322716073e-03
2.389492999999999867e+01 3.055788411813827217e-03
2.403585999999999956e+01 3.002137678348568931e-03
2.417762000000000100e+01 2.992070327584161506e-03
2.432020999999999944e+01 3.018622469518010294e-03
2.437592000000000070e+01 3.043385933138545180e-03
2.437999999999999901e+01 3.643126117600757607e-02
2.438408000000000087e+01 6.005354783142904385e-01
2.446365000000000123e+01 2.973816525887114023e-03
2.458592000000000155e+01 3.600528414521503903e-03
2.458999999999999986e+01 3.600813815682528916e-03
2.459408000000000172e+01 3.601099216843551762e-03
2.460792999999999964e+01 3.597258266095440700e-03
2.475306000000000139e+01 3.573516879217940746e-03
2.489904999999999902e+01 3.580900243789473560e-03
2.504589999999999961e+01 3.501366833084909765e-03
2.519360999999999962e+01 3.716429832377604169e-03
2.534219999999999828e+01 1.468111197581670538e-02
2.549165999999999954e+01 4.785835733872947223e-03
2.564200999999999908e+01 3.411646711880388354e-03
2.579324000000000083e+01 3.524140455466979929e-03
2.594536000000000087e+01 3.438594017483389848e-03
2.609837999999999880e+01 3.296390374390631081e-03
2.625230000000000175e+01 3.463897942347885991e-03
2.640712999999999866e+01 3.645610754062157850e-03
2.656287999999999982e+01 3.232262625071276058e-03
2.671953999999999851e+01 3.240257223297608995e-03
2.687712000000000145e+01 3.456316618860394430e-03
2.703564000000000078e+01 3.393161970832244030e-03
2.719509000000000043e+01 3.200183508620911988e-03
2.735548000000000002e+01 1.114203642019964517e-02
2.751681999999999917e+01 5.491955328522879660e-03
2.767909999999999826e+01 3.145849344971664557e-03
2.784234999999999971e+01 3.103585575604418580e-03
2.800656000000000034e+01 3.091387393094068708e-03
2.817173000000000016e+01 3.137389743474760465e-03
2.833787999999999840e+01 3.210194437833189824e-03
2.850500999999999863e+01 3.054196533167840514e-03
2.867313000000000045e+01 3.059819682004376665e-03
2.884224000000000032e+01 3.161908366690177087e-03
2.901233999999999824e+01 3.060066604552734871e-03
2.918345000000000056e+01 3.197454673488027248e-03
2.935557000000000016e+01 3.069247331952212020e-03
2.952870000000000061e+01 2.995937795138730632e-03
2.970286000000000115e+01 3.146577239406311843e-03
2.987803999999999860e+01 3.182457574062818630e-03
3.005424999999999969e+01 3.030275678945741017e-03
3.023150000000000048e+01 2.970688966059075158e-03
3.040980000000000061e+01 2.953309719150491643e-03
3.058915000000000006e+01 2.949305079668348897e-03
3.076955999999999847e+01 2.935988016634666353e-03
3.095102999999999938e+01 2.927227299772749720e-03
3.113357999999999848e+01 2.924384462941112019e-03
3.131719999999999970e+01 2.943177115242070607e-03
3.150189999999999912e+01 3.072216537858207201e-03
3.168768999999999991e+01 2.974078427385247209e-03
3.187458000000000169e+01 3.427039975598509310e-03
3.206255999999999773e+01 3.798513722992736749e-03
3.225166000000000111e+01 3.560206323661307178e-03
3.244187999999999761e+01 3.898169887847005056e-03
3.263320999999999827e+01 4.292015783649174784e-03
3.282567000000000235e+01 2.902247858152061290e-03
3.301926999999999879e+01 2.792432084395278600e-03
3.321401000000000181e+01 2.797347015612804393e-03
3.340990000000000038e+01 2.770355655536069391e-03
3.360694999999999766e+01 1.577841545393170522e-02
3.380514999999999759e+01 6.843553880481416558e-03
3.400453000000000259e+01 2.751461046617735030e-03
3.420508000000000237e+01 4.670318228422161086e-03
3.440681000000000012e+01 9.431243354665278661e-03
3.460974000000000217e+01 7.625171894156201370e-03
3.481385999999999825e+01 3.171781458565927237e-03
3.501917999999999864e+01 4.399538668066318124e-03
3.511592000000000269e+01 2.638954313354592053e-03
3.511999999999999744e+01 2.625667106186227277e-03
3.512407999999999930e+01 2.612379899017840384e-03
3.522572000000000259e+01 2.730903197403660061e-03
3.543346999999999980e+01 3.251338601119719857e-03
3.564244999999999663e+01 9.516472807865220679e-03
3.585266000000000020e+01 4.878282495966967426e-03
3.606410999999999945e+01 2.822045878238520992e-03
3.627680999999999756e+01 2.431224637998380313e-03
3.649076000000000164e+01 2.528233140486998293e-03
3.670597999999999672e+01 2.500388104673557672e-03
3.692246000000000095e+01 3.398185372814224985e-03
3.714021999999999935e+01 4.849374852659930554e-03
3.735927000000000220e+01 2.332566032642677516e-03
3.757959999999999923e+01 2.710655018616654841e-03
3.780123999999999995e+01 2.127622764283124222e-03
3.802418000000000120e+01 2.130178805003535118e-03
3.824844000000000221e+01 6.843582312528238495e-03
3.847402000000000299e+01 2.733640554455405488e-03
3.870092999999999961e+01 2.032959131028353079e-03
3.892918000000000234e+01 1.998721787084952080e-03
3.915878000000000014e+01 1.821974126996957731e-03
3.938973000000000013e+01 1.684150269313843071e-03
3.962203999999999837e+01 1.811644170451704675e-03
3.985571999999999804e+01 1.961883737964634049e-03
4.009078000000000230e+01 1.301196463018326494e-03
4.032723000000000013e+01 1.235206351863810418e-03
4.056506999999999863e+01 1.003244342575350606e-03
4.080431000000000097e+01 1.042323314556996457e-02
4.104496999999999929e+01 1.029195921483845502e-03
4.128703999999999752e+01 6.343579487400594942e-03
4.153054000000000201e+01 2.322351996089282947e-03
4.177548000000000172e+01 1.805384132774889112e-03
4.202185999999999666e+01 1.945378367544547526e-03
4.226970000000000027e+01 6.472034721297882306e-03
4.251899999999999835e+01 2.874021800940233448e-02
4.276975999999999800e+01 1.451884479114911230e-03
4.302201000000000164e+01 5.256676985005576293e-03
4.327575000000000216e+01 1.437237860501849526e-03
4.353097999999999956e+01 9.844323017153286479e-04
4.378770999999999702e+01 8.907279400260293594e-04
4.404596000000000089e+01 8.802416876545933466e-04
4.430574000000000012e+01 9.109073129346017053e-04
4.456703999999999866e+01 1.099338623866857097e-03
4.482988999999999891e+01 1.776224069663831853e-03
4.509427999999999770e+01 1.138181424563521104e-03
4.536023999999999745e+01 1.511895036364106467e-03
4.562776999999999816e+01 3.724374753155796757e-03
4.589686999999999983e+01 2.041500886402396273e-03
4.616756000000000171e+01 1.018632523596378278e-03
4.643983999999999668e+01 5.524324096416356397e-03
4.671374000000000137e+01 1.008033625718663491e-03
4.698924000000000234e+01 8.625612683234757131e-04
4.726637999999999806e+01 8.687679916229894489e-04
4.754514000000000351e+01 1.108536973857068581e-03
4.782554999999999978e+01 9.368688051401715365e-04
4.788591999999999871e+01 9.632728457642761484e-04
4.789000000000000057e+01 9.533147716386167463e-04
4.789408000000000243e+01 9.236115177316165476e-04
4.810761999999999716e+01 2.968667276746946374e-02
4.839135000000000275e+01 1.924304139119353552e-01
4.867674999999999841e+01 4.265106525824716860e-02
4.896383000000000152e+01 1.497128352062754731e-03
4.925260999999999711e+01 7.584333046531622699e-03
4.954308999999999941e+01 9.196910400053284100e-04
4.983527999999999736e+01 1.901693697463824198e-03
5.012919999999999732e+01 9.884974516723337226e-04
5.042484999999999928e+01 8.492906145851737091e-04
5.072225000000000250e+01 3.541897725465261229e-03
5.102139999999999986e+01 1.980043227838579507e-03
5.132231000000000165e+01 2.427769856829675981e-03
5.162500000000000000e+01 2.562977534882302649e-03
5.192947000000000202e+01 1.048685327842761557e-03
5.223573999999999984e+01 1.148948101445428993e-03
5.254381000000000057e+01 1.178825593781918698e-03
5.285370000000000346e+01 9.037596890337583995e-04
5.316541999999999746e+01 1.209725130561684330e-03
5.347897999999999996e+01 8.883168475354190135e-04
5.379438999999999993e+01 8.288878674945993150e-04
5.411166000000000054e+01 2.516161602568270719e-03
5.441591999999999985e+01 3.629098349865069947e-03
5.442000000000000171e+01 3.162764826749835025e-03
5.442407999999999646e+01 2.696431303635412821e-03
5.443079000000000178e+01 2.848271640341342760e-03
5.475182000000000215e+01 2.565350587516503859e-03
5.493592000000000297e+01 1.151096588015336182e-03
5.493999999999999773e+01 1.172361778367023849e-03
5.494407999999999959e+01 1.193626968718892577e-03
5.507473000000000241e+01 2.831260918938394069e-03
5.539954999999999785e+01 3.825591014364326716e-03
5.572628000000000270e+01 1.978290735204162043e-03
5.605494000000000199e+01 6.343506756741620380e-03
5.638553999999999888e+01 4.931075593114942618e-03
5.671808999999999656e+01 1.419790683704611357e-03
5.705259999999999820e+01 1.143220378835544228e-03
5.738909000000000304e+01 1.568503441974586658e-03
5.772755999999999688e+01 1.291138751500710237e-03
5.806801999999999708e+01 1.075896796251013489e-03
5.841049000000000291e+01 1.053508372923131920e-03
5.875498000000000332e+01 1.034166349007228708e-03
5.910150999999999755e+01 1.069840328597027697e-03
5.945007999999999981e+01 1.131159228365084726e-03
5.980069999999999908e+01 1.492555186430408881e-03
6.015339000000000169e+01 3.603116067673927184e-03
6.050815999999999661e+01 5.137174603624046140e-03
6.086502999999999730e+01 9.675174590623365246e-04
6.122399000000000058e+01 1.238592384743295331e-03
6.158507999999999782e+01 2.007652198777271080e-03
6.194830000000000325e+01 1.145754517133799454e-03
6.231365000000000265e+01 1.540522371099637029e-03
6.268115999999999843e+01 1.257778211005932106e-03
6.305084000000000088e+01 1.184822089515170321e-03
6.342269999999999897e+01 2.313545522692555655e-03
6.379675999999999902e+01 1.952109190577074353e-03
6.417301999999999396e+01 1.268502864897233821e-03
6.448591999999999302e+01 8.975132749498065856e-04
6.448999999999999488e+01 8.977932225724813073e-04
6.449407999999999674e+01 8.974626666895012608e-04
6.455149000000000115e+01 9.788353617675019710e-04
6.493219999999999459e+01 1.633365781221748653e-03
6.531516000000000588e+01 1.509136874337006773e-03
6.570037999999999556e+01 9.210573827488443112e-04
6.608786000000000627e+01 9.440379899196451718e-04
6.647763000000000488e+01 1.003671191923463483e-03
6.686969999999999459e+01 1.066170882267241434e-03
6.726408999999999594e+01 9.510098968743426438e-04
6.766079000000000576e+01 8.532763342073722062e-04
6.805983999999999412e+01 8.472856233981256860e-04
6.846125000000000682e+01 8.432801601839422451e-04
6.886500999999999806e+01 8.407020156499767864e-04
6.927115999999999474e+01 8.377079033323792025e-04
6.967971000000000004e+01 9.059858297750967172e-04
7.009067000000000291e+01 3.582937228744295655e-03
7.050405000000000655e+01 9.925692212299503780e-04
7.091985999999999990e+01 9.543833257508719040e-03
7.133813000000000670e+01 5.414378139896918775e-03
7.175887000000000171e+01 1.377764499592780845e-03
7.218209000000000231e+01 8.088667697107225583e-04
7.260779999999999745e+01 1.006413227651278743e-03
7.303602999999999668e+01 9.590974968685230060e-04
7.346677999999999997e+01 1.182631249183778172e-03
7.390006999999999948e+01 9.444438664389112831e-04
7.433590999999999838e+01 8.055550092027876285e-04
7.477433000000000618e+01 7.949143259853129343e-04
7.521532999999999447e+01 1.055698682374406209e-03
7.565894000000000119e+01 8.618042222292912613e-04
7.610515999999999792e+01 8.595082862626539193e-04
7.655401000000000522e+01 1.051752837949805012e-03
7.700551000000000101e+01 9.155706308000799128e-04
7.740591999999999473e+01 7.750605038986894263e-04
7.740999999999999659e+01 7.755094045332084360e-04
7.741407999999999845e+01 7.759583051677274457e-04
7.745967000000000269e+01 1.409049489553336780e-03
7.791651000000000238e+01 7.768387779556333627e-04
7.837604000000000326e+01 8.141647702445394073e-04
7.883829000000000065e+01 8.502834364723234166e-04
7.930325999999999453e+01 7.732148304039744655e-04
7.977097000000000548e+01 8.193613010478821568e-04
8.024143999999999721e+01 1.081769544559306288e-03
8.071469000000000449e+01 7.864887752424003405e-04
8.119071999999999889e+01 7.950222964120482729e-04
8.166956999999999312e+01 7.678631045960348806e-04
8.215124000000000137e+01 8.287137931261159092e-04
8.263575000000000159e+01 8.013870713258573059e-04
8.312312000000000012e+01 7.818828474459843915e-04
8.361336000000000013e+01 8.247141304670534395e-04
8.410648999999999376e+01 8.023385093262595412e-04
8.460253000000000156e+01 1.021408106941871282e-03
8.510150000000000148e+01 3.006228476244641058e-03
8.560340999999999667e+01 1.332117942244448114e-03
8.610827999999999349e+01 7.576137599430410839e-04
8.661612999999999829e+01 9.609460398552847199e-04
8.712697000000000003e+01 1.238299345859816261e-03
8.764082000000000505e+01 8.732238973655065666e-04
8.815770999999999447e+01 7.288962712818838202e-04
8.867764999999999986e+01 7.267911718730631597e-04
8.920064999999999600e+01 7.235022560046699362e-04
8.972673000000000343e+01 8.230708444520749628e-04
9.025592000000000326e+01 9.521466608280564070e-04
9.078822999999999865e+01 1.911298693833077440e-03
9.132367999999999597e+01 1.303408351389004904e-01
9.186229000000000156e+01 8.618102191494231810e-04
9.240407000000000437e+01 1.243688253884475030e-03
9.294904999999999973e+01 7.912165647588845913e-04
9.349724000000000501e+01 8.249062396361117686e-04
9.404867000000000132e+01 7.556320652581428616e-04
9.460335000000000605e+01 7.035948805790883656e-04
9.516129999999999711e+01 8.132881506570656090e-04
9.572253999999999508e+01 8.410928502771444727e-04
9.628709000000000628e+01 7.431779368478087788e-04
9.685496999999999446e+01 7.962852779931678567e-04
9.742619999999999436e+01 7.962383727420026302e-04
9.800078999999999496e+01 7.374930168821622074e-04
9.857877999999999474e+01 7.698916834696705944e-04
9.916017999999999688e+01 7.128648621164389038e-04
9.974500000000000455e+01 7.203368751750959366e-04
1.003332999999999942e+02 7.167034805018622154e-04
1.009249999999999972e+02 1.103938290243193249e-03
1.015203000000000060e+02 9.673221520261468314e-04
1.021189999999999998e+02 6.861956712150716004e-04
1.027212999999999994e+02 6.859329237684913799e-04
1.033271000000000015e+02 6.832457669850371899e-04
1.039364999999999952e+02 7.102922136973273664e-04
1.045494999999999948e+02 8.040252371411767997e-04
1.051661000000000001e+02 9.211808557286655123e-04
1.057862999999999971e+02 6.877672503015646753e-04
1.064103000000000065e+02 7.492463357636209697e-04
1.070378000000000043e+02 6.913688498216904879e-04
1.076691000000000003e+02 6.700368197818447769e-04
1.083041000000000054e+02 6.821536764789579328e-04
1.089428999999999945e+02 6.808414161279170186e-04
1.095854000000000070e+02 6.713077317362547069e-04
1.102317000000000036e+02 6.656849474954356716e-04
1.108817999999999984e+02 6.639768800208861732e-04
1.115357999999999947e+02 6.696052309788211223e-04
1.121936000000000035e+02 7.074492728423807100e-04
1.128552999999999997e+02 1.720419956356053970e-03
1.135208999999999975e+02 9.578776486861050390e-04
1.138958999999999975e+02 1.001474606333117422e-03
1.139000000000000057e+02 1.079559071314632919e-03
1.139040999999999997e+02 1.157643536295879100e-03
1.141903999999999968e+02 1.045657109945460905e-02
1.148639000000000010e+02 1.884959822048073563e-03
1.155413000000000068e+02 7.091936898159849302e-04
1.162228000000000065e+02 8.448666122964594094e-04
1.169081999999999937e+02 8.089235850442084118e-04
1.175977000000000032e+02 6.920762673460782374e-04
1.182913000000000068e+02 7.244108418304030057e-04
1.189889000000000010e+02 7.407045309031273566e-04
1.196907000000000068e+02 6.455176825826751353e-04
1.203966000000000065e+02 6.427460149962674948e-04
1.211067000000000036e+02 6.579076030555710847e-04
1.218209999999999980e+02 6.495161458733001401e-04
1.225394000000000005e+02 6.434025169730254274e-04
1.232621000000000038e+02 6.376102214778284162e-04
1.239890999999999934e+02 6.509145250941407446e-04
1.247203999999999979e+02 6.656879030789273786e-04
1.254558999999999997e+02 6.523099825655598446e-04
1.261958999999999946e+02 8.148537624633732943e-04
1.269401000000000010e+02 6.295735770968576310e-04
1.276888000000000005e+02 6.329732216171634219e-04
1.284419000000000040e+02 6.556022717675213853e-04
1.291993999999999971e+02 7.486884524696128416e-04
1.299613999999999976e+02 6.422988111747814479e-04
1.307279000000000053e+02 6.223245867518349987e-04
1.314988999999999919e+02 6.238681737263636687e-04
1.322744000000000142e+02 6.247045261880519122e-04
1.330545999999999935e+02 6.453012004979767624e-04
1.338393000000000086e+02 6.420777558842839967e-04
1.346286000000000058e+02 6.174151015500115199e-04
1.354225999999999885e+02 6.107416957752152603e-04
1.362213000000000136e+02 6.108307717421023299e-04
1.370246999999999957e+02 6.106284328282700737e-04
1.378328999999999951e+02 6.079120866103717097e-04
1.380959000000000003e+02 6.061889632305459069e-04
1.380999999999999943e+02 6.062604447622864205e-04
1.381040999999999883e+02 6.063319262940267173e-04
1.386458000000000084e+02 6.243306069803773988e-04
1.394635000000000105e+02 6.257882334840261188e-04
1.402860000000000014e+02 6.075306658733838896e-04
1.411134000000000128e+02 7.038351382417529917e-04
1.419456000000000131e+02 6.649781214005098589e-04
1.427828000000000088e+02 5.983029260017191974e-04
1.436248999999999967e+02 5.973310714200298199e-04
1.444720000000000084e+02 6.150563061100951722e-04
1.453240000000000123e+02 6.447841918280081477e-04
1.461810999999999865e+02 6.222109898256794223e-04
1.470432999999999879e+02 5.936341973794570731e-04
1.479105000000000132e+02 5.897689458733040065e-04
1.487829000000000121e+02 6.008260981610289439e-04
1.496603000000000065e+02 5.924099472905959129e-04
1.505430000000000064e+02 5.865556590224819825e-04
1.514309000000000083e+02 5.932416409005260034e-04
1.523240000000000123e+02 5.871216471827634537e-04
1.532223999999999933e+02 5.800887870518044599e-04
1.541260000000000048e+02 5.786806590648444024e-04
1.550349999999999966e+02 5.793222553679272784e-04
1.559493999999999971e+02 5.818704738491558334e-04
1.568691000000000031e+02 5.807580356817246226e-04
1.577942999999999927e+02 6.023582203258006761e-04
1.587249999999999943e+02 5.709085193617535444e-04
1.596611000000000047e+02 5.820088264721111956e-04
1.606026999999999987e+02 5.703755463261326892e-04
1.615499000000000080e+02 5.677335953432615127e-04
1.625027000000000044e+02 5.656691249492462430e-04
1.634610999999999876e+02 5.677415242863794722e-04
1.644251999999999896e+02 5.661896762251409157e-04
1.653949000000000069e+02 6.241260667464215619e-04
1.663703999999999894e+02 6.624537256050227032e-04
1.673515999999999906e+02 5.774450072602422103e-04
1.683386000000000138e+02 5.609648890202069025e-04
1.693314000000000021e+02 5.761797579546501210e-04
1.703300999999999874e+02 5.604905287632473481e-04
1.713346999999999980e+02 5.532070967395847716e-04
1.723452000000000055e+02 5.519357035701431520e-04
1.733616000000000099e+02 5.499153361400590341e-04
1.743840999999999894e+02 5.497023541574771110e-04
1.754124999999999943e+02 5.492426259331200300e-04
1.764471000000000060e+02 7.700220839310359302e-04
1.774876999999999896e+02 9.226706000004033115e-04
1.785345000000000084e+02 5.533187661581564663e-04
1.795875000000000057e+02 5.467695878645775559e-04
1.806466000000000065e+02 5.441927708546573242e-04
1.817120999999999924e+02 5.407155287895401390e-04
1.827838000000000136e+02 5.741403152097458934e-04
1.838617999999999881e+02 5.412179405598050407e-04
1.849462000000000046e+02 5.399347470375490598e-04
1.860369000000000028e+02 5.345507927797981448e-04
1.871340999999999894e+02 5.306797918444954021e-04
1.882377999999999929e+02 6.696025260476928635e-04
1.893480000000000132e+02 7.113420378161514762e-04
1.904646999999999935e+02 5.316716483940858717e-04
1.915879999999999939e+02 5.274998003090496752e-04
1.927179999999999893e+02 6.266037931831527213e-04
1.938546000000000049e+02 1.613833098138126379e-03
1.949978999999999871e+02 5.567048986430452734e-04
1.961479999999999961e+02 5.204605476914627533e-04
1.973048000000000002e+02 5.184438370921311224e-04
1.984685000000000059e+02 5.167182386087902733e-04
1.996390000000000100e+02 5.633838068124664283e-04
2.008163999999999874e+02 5.498840783530160739e-04
2.020007999999999981e+02 5.267228578625995092e-04
2.031921000000000106e+02 5.372853643470608528e-04
2.043905000000000030e+02 5.204457841647792482e-04
2.055960000000000036e+02 5.294511594307847735e-04
2.068085000000000093e+02 5.976423571179135912e-04
2.080281999999999982e+02 5.586133558604837804e-04
2.092550999999999988e+02 5.067210080563045544e-04
2.104892999999999859e+02 5.005149069093908732e-04
2.117307000000000130e+02 5.207346306520080651e-04
2.129793999999999983e+02 5.071227024919913772e-04
2.142355000000000018e+02 4.970709137696144005e-04
2.154990999999999985e+02 5.640819153628018551e-04
2.167700000000000102e+02 5.856637824467969631e-04
2.180484999999999900e+02 5.074915569487153336e-04
2.193344999999999914e+02 4.935974500515890109e-04
2.206280999999999892e+02 5.068104683477399385e-04
2.219293000000000120e+02 5.250934592202166715e-04
2.232382000000000062e+02 4.881813522380166613e-04
2.245548000000000002e+02 5.352222804687972952e-04
2.258791999999999973e+02 5.023736042001994981e-04
2.272112999999999943e+02 5.021082055423764382e-04
2.285514000000000010e+02 4.980605893651254270e-04
2.298993000000000109e+02 4.869141342837830073e-04
2.312552000000000021e+02 4.809265388682448491e-04
2.326191000000000031e+02 4.775025452617829192e-04
2.339910999999999888e+02 6.220458880729310552e-04
2.353711000000000126e+02 9.819702148338915401e-04
2.367592999999999961e+02 4.720565535050932080e-04
2.381555999999999926e+02 4.713603031797279456e-04
2.395602000000000089e+02 4.689232730834345508e-04
2.409730999999999881e+02 4.674774131527457900e-04
2.423942999999999870e+02 4.662837091426570929e-04
2.438239000000000090e+02 4.677020466056063257e-04
2.452618999999999971e+02 4.768952716518570626e-04
2.467084000000000117e+02 7.548867843723485078e-04
2.481633999999999958e+02 5.909882414243153000e-04
2.496270000000000095e+02 7.388259003940992600e-04
2.510992999999999995e+02 6.835552312265411393e-04
2.525801999999999907e+02 5.714141347079467435e-04
2.540698999999999899e+02 4.660073057124161015e-04
2.555682999999999936e+02 6.215256692813369991e-04
2.570756000000000085e+02 4.640330699583078986e-04
2.585917999999999779e+02 5.775161344957734913e-04
2.601168999999999869e+02 4.858226093836848008e-04
2.616510000000000105e+02 4.609321759260380036e-04
2.631942000000000235e+02 4.539568460177653805e-04
2.647463999999999942e+02 7.907839931561784800e-04
2.663077999999999861e+02 4.946232340651337276e-04
2.678784999999999741e+02 4.583556795253081184e-04
2.694583000000000084e+02 4.840386486663095255e-04
2.710475999999999885e+02 4.382981714458962139e-04
2.726460999999999899e+02 4.407552095186535431e-04
2.742540999999999940e+02 4.573907928879827108e-04
2.758716000000000008e+02 4.509861154699320728e-04
2.774986999999999853e+02 4.359196996202056255e-04
2.791352999999999724e+02 4.485538923864213498e-04
2.807816000000000258e+02 4.340346390502681866e-04
2.824375000000000000e+02 1.310657255342064995e-03
2.841032999999999902e+02 6.633042598784094591e-04
2.857789000000000215e+02 4.341067592334241980e-04
2.874642999999999802e+02 4.424648342610686450e-04
2.891596999999999866e+02 4.501439437586258444e-04
2.908650999999999840e+02 4.327874816806032425e-04
2.925806000000000040e+02 4.292984089646007320e-04
2.943061999999999898e+02 4.175934599143430034e-04
2.960418999999999983e+02 4.166228959912076702e-04
2.977878999999999792e+02 4.203681820341716017e-04
2.995441999999999894e+02 4.161385771506354221e-04
3.013109000000000037e+02 5.028482365556564320e-04
3.030878999999999905e+02 4.246426219967241772e-04
3.048754999999999882e+02 4.288927139701762198e-04
3.066736000000000217e+02 4.247007261052003491e-04
3.084821999999999775e+02 4.245441767075402626e-04
3.103016000000000076e+02 4.278674157729591538e-04
3.121317000000000235e+02 5.203060557027329013e-04
3.139725999999999999e+02 4.199971620446504004e-04
3.158242999999999938e+02 5.644887364490545510e-04
3.176870000000000118e+02 4.691549357171949180e-04
3.195606000000000222e+02 4.129263737411853897e-04
3.214452999999999747e+02 3.972562822899900143e-04
3.233410999999999831e+02 3.958106984716730438e-04
3.252481000000000222e+02 3.960850887380994558e-04
3.271664000000000101e+02 3.942149666386268801e-04
3.290958999999999719e+02 5.333157357349925954e-04
3.310369000000000028e+02 3.884266912384710143e-04
3.329891999999999825e+02 3.868021608977665737e-04
3.349531000000000063e+02 3.893221540716377150e-04
3.369286000000000172e+02 3.835793575053696495e-04
3.389157999999999902e+02 3.829154891015052842e-04
3.409146000000000072e+02 3.865636049122228839e-04
3.429252000000000180e+02 3.872283067671840697e-04
3.449476999999999975e+02 3.811550670679414161e-04
3.469821999999999775e+02 3.849257474132920559e-04
3.490285999999999831e+02 4.430167201915244878e-04
3.510871000000000208e+02 4.198672058023098560e-04
3.531576999999999771e+02 3.792112344539969732e-04
3.552405999999999722e+02 3.795628671441389468e-04
3.573356999999999744e+02 3.994411776530695009e-04
3.594431999999999903e+02 3.682120055907643196e-04
3.615631000000000199e+02 4.027844500494848733e-04
3.636954999999999814e+02 3.816026723269665437e-04
3.658405000000000200e+02 3.682173878089784001e-04
3.679981999999999971e+02 6.118423091858355995e-04
3.701684999999999945e+02 8.795681598855011659e-04
3.723516999999999939e+02 8.079590146826813070e-04
3.745477999999999952e+02 3.589067469490330440e-04
3.767567999999999984e+02 3.655773081015482482e-04
3.789787999999999784e+02 3.618381632447910173e-04
3.812139000000000237e+02 3.709630426968664745e-04
3.834621999999999957e+02 4.465116975449741148e-04
3.857237999999999829e+02 4.841890159694817544e-04
3.879986999999999853e+02 3.651893583190988688e-04
3.902869999999999777e+02 3.544254801775123987e-04
3.920958999999999719e+02 3.506805838405665740e-04
3.921000000000000227e+02 3.507794159578195227e-04
3.921041000000000167e+02 3.506896339774573943e-04
3.925889000000000237e+02 3.493224029576735227e-04
3.949042999999999779e+02 3.455635828172859804e-04
3.972332999999999856e+02 3.502618516315865265e-04
3.995760999999999967e+02 3.490459743470144508e-04
4.019327000000000112e+02 4.624408667765082044e-04
4.043032999999999788e+02 3.413173983031240967e-04
4.066877000000000066e+02 3.414497526113533009e-04
4.090862999999999943e+02 3.400216210887179748e-04
4.114990000000000236e+02 3.588051504739566636e-04
4.139259000000000128e+02 3.367147841856257796e-04
4.163672000000000253e+02 3.330119742116217744e-04
4.188227999999999724e+02 4.250393003395261924e-04
4.212928999999999746e+02 3.674111960933376902e-04
4.237776000000000067e+02 3.307352182161917768e-04
4.262769999999999868e+02 3.544153030504474354e-04
4.287910999999999717e+02 4.917592437128929985e-04
4.313199999999999932e+02 5.498092526039334918e-04
4.338638000000000261e+02 3.235601367143884255e-04
4.364225999999999885e+02 3.236816318176622418e-04
4.389966000000000008e+02 3.244165546725021076e-04
4.415856999999999744e+02 3.200791335097934133e-04
4.441899999999999977e+02 3.179860675348538225e-04
4.468097999999999956e+02 3.159521762469351099e-04
4.494449999999999932e+02 3.389771933414649800e-04
4.520957000000000221e+02 3.851654280584826243e-04
4.547620999999999754e+02 3.518805120778328811e-04
4.574440999999999917e+02 3.213763718282759132e-04
4.601419999999999959e+02 3.233899309522661665e-04
4.628559000000000196e+02 3.082042334676491496e-04
4.655856999999999744e+02 3.078470255661634801e-04
4.683315999999999804e+02 3.114257816956384427e-04
4.710937000000000126e+02 3.038837442848551194e-04
4.738720999999999890e+02 3.104336719796536035e-04
4.766668999999999983e+02 4.360509060576957230e-04
4.794782000000000153e+02 3.237707345544433928e-04
4.823059999999999832e+02 3.058661302157911275e-04
4.851505999999999972e+02 3.027439817206149688e-04
4.880119000000000256e+02 3.082653734790646275e-04
4.899959000000000060e+02 2.958751507198607682e-04
4.900000000000000000e+02 2.959315439814779011e-04
4.900040999999999940e+02 2.959879372430949799e-04
4.908901000000000181e+02 2.954788699480201484e-04
4.937851999999999748e+02 4.618846672285364984e-04
4.966974999999999909e+02 7.732185030647394921e-04
4.996268999999999778e+02 2.912470659931280207e-04
5.025735999999999990e+02 2.896414071061684248e-04
5.055375999999999976e+02 6.158269626872277681e-04
5.085192000000000121e+02 3.059612710070604277e-04
5.115183000000000106e+02 4.698851090648321622e-04
5.145351000000000568e+02 3.317890126077050047e-04
5.175697999999999865e+02 2.836343099752453977e-04
5.206222999999999956e+02 2.819909192644704551e-04
5.236928000000000338e+02 2.825821354363647320e-04
5.267813999999999623e+02 2.918763146384986272e-04
5.298882999999999583e+02 2.773487480417630418e-04
5.330134000000000469e+02 2.761026883922481192e-04
5.361570000000000391e+02 2.754035838521881325e-04
5.393191000000000486e+02 2.729125219972923879e-04
5.424999000000000251e+02 2.722522887700104619e-04
5.456994999999999436e+02 2.824890985485028257e-04
5.489179000000000315e+02 2.724720034770609814e-04
5.521553000000000111e+02 2.688489075493164307e-04
5.554117999999999711e+02 2.669080265129374616e-04
5.586875000000000000e+02 5.148586790135171619e-04
5.619824999999999591e+02 5.275013424728405495e-04
5.652969000000000506e+02 2.637749755894204322e-04
5.686308999999999969e+02 2.919011268299775736e-04
5.719846000000000004e+02 3.492173804879472208e-04
5.753579999999999472e+02 2.674904740904905003e-04
5.787513999999999896e+02 2.581646289069899794e-04
5.821647000000000389e+02 2.562248358032873574e-04
5.855982000000000198e+02 2.614993295840918955e-04
5.890519000000000460e+02 2.555211302862660239e-04
5.925259999999999536e+02 2.529376426620492902e-04
5.960205999999999449e+02 2.515025107385587236e-04
5.995357999999999947e+02 2.502913101021484203e-04
6.030716999999999643e+02 2.491675783300820743e-04
6.066285000000000309e+02 2.602425251238860452e-04
6.102063000000000557e+02 2.763953581750268275e-04
6.138051000000000386e+02 2.452646094369593144e-04
6.174252000000000180e+02 2.457521913755291538e-04
6.210666999999999689e+02 2.425736084676652468e-04
6.247296000000000049e+02 6.359285317549681973e-04
6.284140999999999622e+02 2.961561590565771557e-04
6.321203000000000429e+02 2.388066510690410637e-04
6.358483999999999696e+02 2.495458616121596002e-04
6.395984999999999445e+02 2.452886629883860607e-04
6.433708000000000311e+02 2.367378138662807317e-04
6.471652000000000271e+02 2.365343478425967899e-04
6.509819999999999709e+02 2.358477791454779743e-04
6.548214000000000397e+02 2.315772283089924345e-04
6.586834000000000060e+02 2.297404308240347920e-04
6.625682000000000471e+02 2.290346703689259819e-04
6.664758000000000493e+02 2.273104962688609839e-04
6.704066000000000258e+02 2.265729864041535061e-04
6.743605000000000018e+02 2.249566123435809578e-04
6.783377000000000407e+02 2.240124442627990163e-04
6.823383999999999787e+02 2.226686760244486632e-04
6.863627000000000180e+02 2.215665872364044680e-04
6.904107000000000198e+02 2.204640269237615011e-04
6.944826000000000477e+02 3.575849817940899124e-04
6.985784999999999627e+02 6.248098552626350603e-04
7.026984999999999673e+02 2.165847503890469322e-04
7.068428999999999860e+02 2.156708050523546412e-04
7.110117000000000189e+02 2.141484861425332897e-04
7.152051000000000158e+02 2.132765245897610712e-04
7.194231999999999516e+02 2.118732275421630722e-04
7.236662000000000035e+02 1.033946441966162276e-02
7.279342000000000326e+02 1.281007294115772341e-03
7.322273999999999887e+02 2.092908033389728685e-04
7.365458999999999605e+02 2.080065093902929677e-04
7.392958999999999605e+02 2.062413041413104636e-04
7.392999999999999545e+02 2.062407907165029661e-04
7.393040999999999485e+02 2.062402772916954144e-04
7.408899000000000115e+02 2.072693256957698301e-04
7.452595000000000027e+02 2.075216219251853225e-04
7.496548999999999978e+02 2.044875408477336734e-04
7.540761999999999716e+02 2.355474724986329250e-04
7.585235999999999876e+02 5.544940970723729202e-04
7.629972000000000207e+02 9.231779105124287600e-04
7.674972000000000207e+02 2.992900468258772846e-04
7.720236999999999625e+02 9.382671944123952609e-04
7.765769000000000233e+02 3.429680103000908313e-04
7.811570000000000391e+02 1.155932417195940694e-03
7.857640999999999849e+02 7.370896630107951538e-04
7.903984000000000378e+02 9.974394687927506335e-04
7.950599999999999454e+02 1.986265959001081317e-03
7.997490000000000236e+02 2.059140352970373680e-04
8.044657999999999447e+02 2.360455133436238423e-04
8.092104000000000497e+02 1.926996572528706512e-04
8.139828999999999724e+02 2.272399552850728447e-04
8.187835999999999785e+02 1.892232643131790918e-04
8.236126000000000431e+02 2.019724660585234222e-04
8.284701000000000022e+02 3.860133661850796466e-04
8.333561999999999443e+02 2.491919887011503627e-04
8.382712000000000216e+02 2.536608278941587802e-04
8.432151000000000067e+02 2.401604549395919708e-04
8.481882000000000517e+02 1.796448429814250783e-04
8.531906000000000176e+02 1.784713217839030235e-04
8.582226000000000568e+02 2.139833059978519495e-04
8.632842000000000553e+02 3.481272115706466317e-04
8.683755999999999631e+02 2.027644132354058536e-04
8.713958999999999833e+02 1.747373516215664489e-04
8.713999999999999773e+02 1.747373979055563545e-04
8.714040999999999713e+02 1.747374441895462331e-04
8.734971000000000458e+02 2.017689102294884180e-04
8.786488000000000511e+02 2.616318204612932681e-04
8.838309000000000424e+02 1.361097006944191230e-03
8.890434999999999945e+02 3.360754061635156048e-04
8.942868999999999460e+02 9.851847027636309855e-04
8.995611999999999853e+02 1.217010180779260842e-03
9.048665999999999485e+02 9.999020699124098414e-04
9.102033000000000129e+02 7.311552662747133674e-04
9.155715000000000146e+02 1.832800683640513925e-04
9.209713000000000420e+02 1.787928717015962868e-04
9.264030000000000200e+02 2.354100108644784496e-04
9.318667000000000371e+02 1.866326777402065918e-04
9.373627000000000180e+02 1.049611676459548523e-03
9.428909999999999627e+02 2.102453159819980713e-04
9.484519999999999982e+02 8.372146548560942345e-04
9.540457999999999856e+02 1.462906764706307754e-03
9.596725000000000136e+02 3.868366675846853344e-04
9.653324000000000069e+02 1.786536587910908785e-04
9.710258000000000038e+02 1.793518393311181280e-04
9.767527000000000044e+02 1.863842779761250789e-04
9.825132999999999583e+02 2.306770874648032094e-04
9.883079999999999927e+02 1.529829264405523591e-04
9.941367999999999938e+02 1.821534154879494679e-04
1.000000000000000000e+03 1.163471255298253364e-03
